1,1,653.70,340.66,305.32,114.20,0.93,-1,-1,-1
1,2,1400.19,378.98,112.99,69.03,0.93,-1,-1,-1
1,3,404.63,386.47,79.04,15.41,0.87,-1,-1,-1
1,4,203.86,629.13,621.12,165.61,0.70,-1,-1,-1
1,5,1043.53,366.98,389.20,116.73,0.67,-1,-1,-1
2,1,653.64,341.54,302.73,113.32,0.93,-1,-1,-1
2,2,1400.32,379.92,113.31,67.47,0.92,-1,-1,-1
2,3,405.70,386.69,77.78,15.57,0.88,-1,-1,-1
2,4,202.57,628.24,621.92,169.10,0.69,-1,-1,-1
2,5,1043.00,367.05,390.45,116.34,0.88,-1,-1,-1
3,1,654.04,341.99,301.82,112.85,0.93,-1,-1,-1
3,2,1400.44,379.82,114.48,67.82,0.93,-1,-1,-1
3,3,404.77,386.66,80.18,15.81,0.87,-1,-1,-1
3,4,195.84,627.86,601.76,156.99,0.56,-1,-1,-1
3,5,1043.77,366.42,390.55,116.55,0.92,-1,-1,-1
4,1,654.63,341.22,300.85,113.58,0.93,-1,-1,-1
4,2,1401.27,380.31,113.42,67.49,0.90,-1,-1,-1
4,3,405.24,386.71,80.01,15.52,0.87,-1,-1,-1
4,4,192.96,627.36,597.54,153.20,0.40,-1,-1,-1
4,5,1044.32,365.11,390.03,117.79,0.90,-1,-1,-1
5,1,654.36,342.32,302.40,112.88,0.93,-1,-1,-1
5,2,1400.28,379.35,114.56,68.75,0.93,-1,-1,-1
5,3,406.21,386.71,78.36,15.63,0.88,-1,-1,-1
5,4,193.48,627.10,594.02,158.17,0.58,-1,-1,-1
5,5,1044.38,366.40,388.34,116.76,0.91,-1,-1,-1
6,1,654.80,342.72,300.29,112.67,0.93,-1,-1,-1
6,2,1400.78,378.34,113.50,70.03,0.93,-1,-1,-1
6,3,406.61,387.13,76.81,14.95,0.87,-1,-1,-1
6,4,187.69,627.33,602.79,159.04,0.54,-1,-1,-1
6,5,1044.38,364.21,388.72,119.03,0.88,-1,-1,-1
7,1,654.92,342.36,300.75,112.98,0.93,-1,-1,-1
7,2,1403.31,378.15,109.26,69.14,0.38,-1,-1,-1
7,3,406.06,386.94,77.70,15.36,0.87,-1,-1,-1
7,4,188.94,625.55,602.16,163.03,0.46,-1,-1,-1
7,5,1044.65,365.04,388.96,118.06,0.87,-1,-1,-1
8,1,654.34,342.92,301.48,112.41,0.93,-1,-1,-1
8,2,1405.21,378.47,107.04,68.66,0.52,-1,-1,-1
8,3,406.68,386.84,76.55,15.33,0.88,-1,-1,-1
8,4,193.06,625.83,619.18,173.89,0.44,-1,-1,-1
8,5,1044.75,364.89,390.44,118.09,0.92,-1,-1,-1
9,1,654.23,343.28,301.06,112.03,0.93,-1,-1,-1
9,2,1404.31,377.61,108.06,69.76,0.24,-1,-1,-1
9,3,406.61,386.77,76.86,15.30,0.87,-1,-1,-1
9,5,1044.87,364.32,389.74,118.44,0.91,-1,-1,-1
10,1,654.57,342.52,301.40,113.02,0.93,-1,-1,-1
10,2,1404.91,378.34,106.59,69.08,0.92,-1,-1,-1
10,3,407.78,387.06,76.32,15.13,0.87,-1,-1,-1
10,5,1045.20,366.69,388.19,116.20,0.65,-1,-1,-1
11,1,655.03,342.01,300.31,113.42,0.93,-1,-1,-1
11,2,1405.19,378.99,106.30,68.42,0.93,-1,-1,-1
11,3,407.86,387.12,81.21,15.78,0.85,-1,-1,-1
11,5,1044.51,366.05,389.00,116.78,0.89,-1,-1,-1
12,1,654.69,342.29,300.89,113.13,0.93,-1,-1,-1
12,2,1404.38,378.15,107.25,69.64,0.92,-1,-1,-1
12,3,407.81,387.42,79.58,15.47,0.85,-1,-1,-1
12,5,1044.27,366.10,388.63,116.71,0.91,-1,-1,-1
13,1,655.21,342.71,301.07,112.68,0.93,-1,-1,-1
13,2,1408.52,378.02,103.64,69.55,0.78,-1,-1,-1
13,3,408.12,387.32,80.99,15.93,0.81,-1,-1,-1
13,5,1044.97,365.40,390.01,117.30,0.93,-1,-1,-1
13,4,201.64,630.21,625.08,171.93,0.35,-1,-1,-1
14,1,655.29,342.94,302.06,112.51,0.93,-1,-1,-1
14,2,1409.20,378.48,103.10,69.06,0.89,-1,-1,-1
14,3,408.12,386.92,81.04,16.01,0.87,-1,-1,-1
14,5,1045.10,366.40,388.84,116.24,0.89,-1,-1,-1
14,4,201.18,629.55,627.41,174.86,0.32,-1,-1,-1
15,1,656.05,342.42,300.99,113.11,0.93,-1,-1,-1
15,2,1408.87,378.62,103.29,68.75,0.93,-1,-1,-1
15,3,409.54,386.75,77.65,16.21,0.89,-1,-1,-1
15,5,1045.55,365.91,388.02,116.90,0.91,-1,-1,-1
15,4,201.57,628.02,625.98,179.28,0.34,-1,-1,-1
16,1,656.07,342.45,300.21,113.16,0.93,-1,-1,-1
16,2,1410.65,378.28,101.50,69.10,0.87,-1,-1,-1
16,3,408.88,386.54,79.81,16.54,0.86,-1,-1,-1
16,5,1045.94,366.76,389.00,115.92,0.25,-1,-1,-1
16,4,203.24,627.81,624.01,179.68,0.28,-1,-1,-1
17,1,656.38,343.58,299.96,111.93,0.93,-1,-1,-1
17,2,1409.91,378.54,102.08,68.62,0.77,-1,-1,-1
17,3,409.88,386.57,78.81,16.61,0.87,-1,-1,-1
17,5,1045.96,367.28,386.75,115.35,0.89,-1,-1,-1
17,4,203.08,628.05,624.72,181.95,0.29,-1,-1,-1
18,1,656.54,342.08,299.33,113.49,0.93,-1,-1,-1
18,2,1409.04,379.66,102.97,67.11,0.35,-1,-1,-1
18,3,410.15,386.86,79.25,16.23,0.87,-1,-1,-1
18,5,1046.06,367.91,385.81,114.73,0.36,-1,-1,-1
18,4,204.86,627.59,623.48,177.83,0.52,-1,-1,-1
19,1,656.11,342.25,300.16,113.25,0.93,-1,-1,-1
19,2,1408.24,379.19,103.80,67.71,0.81,-1,-1,-1
19,3,410.82,386.77,76.76,16.23,0.88,-1,-1,-1
19,5,1044.97,366.94,384.60,113.93,0.57,-1,-1,-1
19,4,207.83,627.53,620.02,177.49,0.52,-1,-1,-1
19,6,0.32,369.31,23.73,16.88,0.25,-1,-1,-1
20,1,656.26,344.38,299.64,111.10,0.93,-1,-1,-1
20,2,1406.80,381.35,107.46,65.38,0.51,-1,-1,-1
20,3,410.82,386.97,77.46,16.16,0.87,-1,-1,-1
20,5,1044.30,366.38,383.03,113.85,0.88,-1,-1,-1
20,4,209.75,626.41,622.74,170.30,0.44,-1,-1,-1
21,1,655.96,343.71,299.46,111.84,0.93,-1,-1,-1
21,2,1404.10,382.02,111.75,64.97,0.90,-1,-1,-1
21,3,411.21,386.91,77.78,16.26,0.87,-1,-1,-1
21,5,1044.01,366.72,383.29,113.30,0.46,-1,-1,-1
21,4,207.64,625.92,626.15,166.77,0.58,-1,-1,-1
21,6,0.39,370.04,24.20,17.22,0.23,-1,-1,-1
22,1,656.60,343.02,298.78,112.91,0.93,-1,-1,-1
22,2,1403.25,381.13,113.40,66.05,0.93,-1,-1,-1
22,3,411.43,387.22,77.87,16.11,0.87,-1,-1,-1
22,5,1043.23,366.14,385.03,113.68,0.88,-1,-1,-1
22,4,215.57,627.09,615.29,166.53,0.49,-1,-1,-1
22,6,0.36,369.08,25.90,17.29,0.43,-1,-1,-1
23,1,656.77,343.10,299.46,112.86,0.93,-1,-1,-1
23,2,1402.65,381.17,114.08,65.46,0.93,-1,-1,-1
23,3,411.72,387.15,77.33,16.18,0.88,-1,-1,-1
23,5,1043.35,366.24,385.29,113.69,0.93,-1,-1,-1
23,4,219.10,628.61,609.70,162.74,0.54,-1,-1,-1
23,6,0.35,369.41,26.49,17.06,0.43,-1,-1,-1
24,1,656.36,342.04,300.75,114.14,0.93,-1,-1,-1
24,2,1402.49,380.78,114.25,66.79,0.86,-1,-1,-1
24,3,411.43,387.27,77.54,15.93,0.87,-1,-1,-1
24,5,1043.86,366.39,384.22,113.57,0.93,-1,-1,-1
24,4,221.35,628.59,607.09,161.52,0.56,-1,-1,-1
24,6,0.36,368.99,25.91,17.99,0.22,-1,-1,-1
25,1,656.88,342.21,299.53,114.11,0.93,-1,-1,-1
25,2,1404.49,379.84,110.26,68.20,0.89,-1,-1,-1
25,3,412.79,387.63,77.80,15.85,0.87,-1,-1,-1
25,5,1044.43,367.01,384.63,113.14,0.91,-1,-1,-1
25,4,222.21,629.84,606.08,159.77,0.66,-1,-1,-1
25,6,0.34,369.50,27.15,17.75,0.29,-1,-1,-1
26,1,656.70,343.02,299.36,113.30,0.93,-1,-1,-1
26,2,1405.24,379.91,109.47,68.47,0.93,-1,-1,-1
26,3,413.11,387.45,79.99,16.39,0.87,-1,-1,-1
26,5,1044.42,367.33,385.36,112.77,0.92,-1,-1,-1
26,4,224.86,630.73,604.99,157.57,0.69,-1,-1,-1
26,6,0.35,369.17,26.20,18.13,0.27,-1,-1,-1
27,1,657.50,344.26,298.92,112.02,0.93,-1,-1,-1
27,2,1405.88,380.12,109.33,69.72,0.91,-1,-1,-1
27,3,413.46,387.42,79.67,16.32,0.87,-1,-1,-1
27,5,1044.71,367.88,385.83,112.32,0.92,-1,-1,-1
27,4,221.71,630.77,611.79,145.99,0.70,-1,-1,-1
27,6,0.49,370.20,27.90,17.66,0.24,-1,-1,-1
28,1,658.02,343.60,298.53,112.50,0.93,-1,-1,-1
28,2,1407.01,380.15,108.39,70.20,0.91,-1,-1,-1
28,3,413.25,387.48,79.51,16.03,0.88,-1,-1,-1
28,5,1044.76,368.07,386.26,112.24,0.91,-1,-1,-1
28,4,219.51,629.53,615.60,144.94,0.66,-1,-1,-1
28,6,0.55,370.19,29.66,17.82,0.27,-1,-1,-1
28,7,115.90,706.46,579.22,170.15,0.24,-1,-1,-1
29,1,657.70,344.13,299.36,112.04,0.93,-1,-1,-1
29,2,1406.43,380.69,109.59,70.02,0.92,-1,-1,-1
29,3,413.97,387.39,78.25,16.18,0.88,-1,-1,-1
29,5,1044.66,367.56,385.42,112.67,0.93,-1,-1,-1
29,4,214.68,629.29,620.06,144.20,0.67,-1,-1,-1
29,6,0.52,370.08,29.66,17.52,0.35,-1,-1,-1
29,7,116.10,708.05,574.70,168.54,0.38,-1,-1,-1
30,1,657.91,345.87,298.81,110.85,0.92,-1,-1,-1
30,2,1409.92,379.71,105.50,71.01,0.89,-1,-1,-1
30,3,414.86,387.63,78.05,15.85,0.89,-1,-1,-1
30,5,1044.40,367.09,389.40,113.23,0.93,-1,-1,-1
30,4,224.42,626.32,606.59,150.25,0.73,-1,-1,-1
30,6,0.49,369.38,31.03,18.65,0.36,-1,-1,-1
30,7,119.02,702.55,575.71,174.43,0.30,-1,-1,-1
31,1,658.35,346.29,297.50,110.70,0.93,-1,-1,-1
31,2,1410.66,379.47,104.56,71.21,0.90,-1,-1,-1
31,3,414.25,387.35,79.12,16.39,0.88,-1,-1,-1
31,5,1044.90,366.81,387.91,113.67,0.93,-1,-1,-1
31,4,230.95,626.52,599.89,150.39,0.71,-1,-1,-1
31,6,0.48,369.54,30.24,18.00,0.46,-1,-1,-1
31,7,119.41,701.88,579.67,175.40,0.30,-1,-1,-1
32,1,659.72,343.05,296.32,113.84,0.93,-1,-1,-1
32,2,1410.32,379.29,105.27,71.48,0.90,-1,-1,-1
32,3,414.22,387.79,79.96,15.71,0.89,-1,-1,-1
32,5,1045.68,366.17,388.48,114.64,0.93,-1,-1,-1
32,4,234.87,627.01,595.14,155.61,0.59,-1,-1,-1
32,6,0.44,369.32,30.56,18.42,0.45,-1,-1,-1
33,1,658.95,345.75,297.78,111.28,0.93,-1,-1,-1
33,2,1409.47,379.14,106.02,71.71,0.90,-1,-1,-1
33,3,414.95,387.75,80.34,15.86,0.88,-1,-1,-1
33,5,1045.85,366.51,387.15,114.63,0.93,-1,-1,-1
33,4,237.00,628.24,592.92,151.19,0.64,-1,-1,-1
33,6,0.41,369.67,31.31,18.26,0.48,-1,-1,-1
34,1,659.71,344.75,296.61,112.25,0.93,-1,-1,-1
34,2,1409.77,379.61,105.98,70.96,0.91,-1,-1,-1
34,3,414.93,387.72,81.21,15.78,0.89,-1,-1,-1
34,5,1045.27,364.21,385.27,116.96,0.76,-1,-1,-1
34,4,229.07,627.56,603.86,163.86,0.42,-1,-1,-1
34,6,0.48,369.09,33.18,18.60,0.43,-1,-1,-1
35,1,660.31,345.50,295.27,111.43,0.93,-1,-1,-1
35,2,1409.87,379.55,105.79,71.19,0.90,-1,-1,-1
35,3,415.50,387.84,80.32,15.24,0.87,-1,-1,-1
35,5,1045.59,365.50,385.23,115.69,0.93,-1,-1,-1
35,4,226.87,627.35,607.93,168.39,0.43,-1,-1,-1
35,6,0.50,369.89,32.59,18.27,0.43,-1,-1,-1
36,1,660.01,345.32,295.73,111.74,0.93,-1,-1,-1
36,2,1410.12,380.24,105.04,70.20,0.90,-1,-1,-1
36,3,414.80,387.82,81.19,15.55,0.89,-1,-1,-1
36,5,1046.00,365.43,384.34,115.70,0.94,-1,-1,-1
36,4,224.17,627.55,609.74,170.99,0.40,-1,-1,-1
36,6,0.42,369.41,32.72,17.99,0.48,-1,-1,-1
37,1,660.97,344.79,294.42,112.39,0.94,-1,-1,-1
37,2,1410.22,380.33,105.43,69.87,0.91,-1,-1,-1
37,3,414.78,387.97,81.45,15.70,0.85,-1,-1,-1
37,5,1045.36,366.23,384.56,115.11,0.93,-1,-1,-1
37,4,227.38,626.39,603.85,164.90,0.47,-1,-1,-1
37,6,0.58,370.46,29.81,17.57,0.42,-1,-1,-1
38,1,660.96,346.50,294.10,110.81,0.93,-1,-1,-1
38,2,1409.98,380.24,105.83,69.99,0.91,-1,-1,-1
38,3,415.32,387.38,81.42,16.53,0.89,-1,-1,-1
38,5,1045.16,366.39,384.02,115.06,0.93,-1,-1,-1
38,4,228.19,626.49,602.68,163.35,0.43,-1,-1,-1
38,6,0.59,372.05,29.16,16.01,0.42,-1,-1,-1
39,1,661.12,346.08,296.68,111.74,0.94,-1,-1,-1
39,2,1408.83,380.75,107.14,70.06,0.91,-1,-1,-1
39,3,416.45,388.31,80.23,15.42,0.86,-1,-1,-1
39,5,1045.50,366.20,381.75,115.67,0.92,-1,-1,-1
39,4,228.32,625.32,607.82,171.38,0.37,-1,-1,-1
39,6,0.72,370.44,29.75,17.89,0.27,-1,-1,-1
40,1,660.92,346.28,298.34,111.45,0.94,-1,-1,-1
40,2,1408.60,380.94,107.61,69.60,0.91,-1,-1,-1
40,3,415.81,388.42,80.85,15.29,0.89,-1,-1,-1
40,5,1045.20,367.50,380.95,114.36,0.92,-1,-1,-1
40,4,228.62,624.62,610.05,175.87,0.32,-1,-1,-1
40,6,0.62,370.06,31.36,18.55,0.38,-1,-1,-1
41,1,661.27,347.41,297.57,110.50,0.94,-1,-1,-1
41,2,1407.03,380.56,109.25,70.74,0.89,-1,-1,-1
41,3,415.60,388.61,80.67,15.41,0.76,-1,-1,-1
41,5,1046.13,368.56,379.12,113.27,0.93,-1,-1,-1
41,4,228.11,624.51,610.73,178.33,0.34,-1,-1,-1
42,1,661.08,347.30,297.06,110.70,0.94,-1,-1,-1
42,2,1407.11,381.88,109.29,68.76,0.91,-1,-1,-1
42,3,417.24,389.05,79.73,15.15,0.47,-1,-1,-1
42,5,1046.86,368.64,378.51,113.32,0.92,-1,-1,-1
42,4,237.82,627.23,596.26,165.45,0.54,-1,-1,-1
43,1,661.75,346.19,297.63,111.85,0.93,-1,-1,-1
43,2,1405.28,382.10,111.10,68.53,0.91,-1,-1,-1
43,3,416.95,388.96,80.24,15.06,0.78,-1,-1,-1
43,5,1047.06,368.50,378.79,113.36,0.92,-1,-1,-1
43,4,240.17,628.13,592.36,167.02,0.44,-1,-1,-1
44,1,662.07,346.46,296.28,111.50,0.93,-1,-1,-1
44,2,1405.23,382.23,110.84,67.88,0.90,-1,-1,-1
44,3,417.53,388.92,79.40,15.24,0.82,-1,-1,-1
44,5,1046.15,367.18,378.52,115.02,0.93,-1,-1,-1
44,4,243.30,628.77,591.52,155.21,0.59,-1,-1,-1
44,6,0.75,369.90,29.59,18.83,0.30,-1,-1,-1
45,1,662.60,346.24,294.85,111.90,0.93,-1,-1,-1
45,2,1404.76,381.86,111.48,68.34,0.90,-1,-1,-1
45,3,417.74,388.64,78.55,15.26,0.55,-1,-1,-1
45,5,1045.85,366.41,378.90,115.96,0.93,-1,-1,-1
45,4,245.18,629.16,590.83,148.71,0.62,-1,-1,-1
46,1,662.72,347.72,293.23,110.66,0.93,-1,-1,-1
46,2,1407.29,381.25,108.84,69.05,0.89,-1,-1,-1
46,3,418.60,389.49,79.42,15.34,0.23,-1,-1,-1
46,5,1046.82,367.75,378.97,114.77,0.94,-1,-1,-1
46,4,244.00,630.36,594.90,149.30,0.61,-1,-1,-1
46,6,0.69,370.21,29.89,17.42,0.41,-1,-1,-1
47,1,662.47,347.12,293.59,111.32,0.93,-1,-1,-1
47,2,1407.88,381.31,108.30,68.85,0.89,-1,-1,-1
47,3,418.18,388.87,80.02,15.57,0.88,-1,-1,-1
47,5,1046.67,368.49,380.15,114.05,0.94,-1,-1,-1
47,4,243.99,630.27,596.45,151.35,0.58,-1,-1,-1
47,6,0.82,371.08,29.80,16.67,0.33,-1,-1,-1
48,1,662.22,346.71,293.79,111.57,0.94,-1,-1,-1
48,2,1408.31,380.58,107.65,69.48,0.90,-1,-1,-1
48,3,417.79,389.04,80.07,15.34,0.74,-1,-1,-1
48,5,1047.11,369.30,378.87,113.21,0.94,-1,-1,-1
48,4,244.21,630.73,596.73,148.36,0.65,-1,-1,-1
48,6,0.87,371.25,28.04,16.63,0.27,-1,-1,-1
49,1,662.42,347.37,294.72,111.02,0.93,-1,-1,-1
49,2,1409.66,380.61,106.10,69.16,0.89,-1,-1,-1
49,3,418.84,389.06,79.30,15.41,0.48,-1,-1,-1
49,5,1046.71,368.77,378.88,113.85,0.93,-1,-1,-1
49,4,243.93,630.83,592.80,147.56,0.59,-1,-1,-1
49,6,0.93,370.11,28.83,17.61,0.34,-1,-1,-1
50,1,662.79,347.18,294.43,111.39,0.94,-1,-1,-1
50,2,1410.06,381.55,106.21,68.57,0.89,-1,-1,-1
50,3,418.62,389.65,80.36,15.45,0.47,-1,-1,-1
50,5,1046.08,368.75,379.92,113.86,0.93,-1,-1,-1
50,4,241.74,630.84,593.45,150.99,0.52,-1,-1,-1
50,6,0.81,370.37,29.40,17.15,0.31,-1,-1,-1
51,1,663.88,347.19,295.55,111.48,0.93,-1,-1,-1
51,2,1411.25,381.44,105.54,68.27,0.89,-1,-1,-1
51,3,417.86,389.14,81.84,15.34,0.82,-1,-1,-1
51,5,1045.87,368.79,379.62,113.61,0.91,-1,-1,-1
51,4,246.57,630.18,614.70,165.33,0.38,-1,-1,-1
51,6,0.81,370.29,28.31,17.39,0.43,-1,-1,-1
52,1,663.70,347.70,296.34,110.89,0.93,-1,-1,-1
52,2,1410.10,381.42,107.21,68.73,0.90,-1,-1,-1
52,3,418.75,389.12,80.94,15.16,0.62,-1,-1,-1
52,5,1046.17,369.65,379.02,112.92,0.90,-1,-1,-1
52,4,248.89,630.07,622.22,169.84,0.56,-1,-1,-1
52,6,0.75,370.23,28.14,17.31,0.46,-1,-1,-1
53,1,663.78,346.85,297.28,111.47,0.93,-1,-1,-1
53,2,1409.19,381.23,108.33,68.85,0.90,-1,-1,-1
53,3,419.57,389.11,79.61,15.33,0.76,-1,-1,-1
53,5,1046.36,369.05,379.22,113.75,0.90,-1,-1,-1
53,4,250.00,630.20,624.34,171.05,0.62,-1,-1,-1
53,6,0.75,370.30,28.33,17.28,0.44,-1,-1,-1
54,1,664.16,348.24,295.92,110.30,0.93,-1,-1,-1
54,2,1410.73,382.13,106.95,68.01,0.90,-1,-1,-1
54,3,420.74,389.78,78.51,15.27,0.42,-1,-1,-1
54,5,1045.89,369.61,381.94,113.45,0.92,-1,-1,-1
54,4,254.07,632.32,618.00,161.72,0.78,-1,-1,-1
54,6,0.72,370.10,30.26,17.64,0.46,-1,-1,-1
55,1,663.99,348.77,296.53,109.66,0.93,-1,-1,-1
55,2,1410.29,382.74,107.34,68.13,0.92,-1,-1,-1
55,3,420.99,390.26,77.73,14.85,0.49,-1,-1,-1
55,5,1046.22,368.83,383.05,114.16,0.93,-1,-1,-1
55,4,256.25,631.56,616.31,161.47,0.71,-1,-1,-1
55,6,0.68,370.28,32.47,17.67,0.57,-1,-1,-1
56,1,664.52,349.84,295.45,108.54,0.93,-1,-1,-1
56,2,1409.37,383.33,108.92,67.83,0.93,-1,-1,-1
56,3,420.18,390.15,78.96,14.97,0.46,-1,-1,-1
56,5,1046.65,369.72,381.85,113.59,0.90,-1,-1,-1
56,6,0.80,370.70,32.74,17.16,0.40,-1,-1,-1
57,1,665.06,347.89,295.18,110.52,0.94,-1,-1,-1
57,2,1409.75,383.22,108.50,68.16,0.92,-1,-1,-1
57,3,421.35,389.69,77.14,15.18,0.39,-1,-1,-1
57,5,1046.63,368.12,380.93,115.34,0.94,-1,-1,-1
57,6,0.81,370.77,32.52,16.82,0.47,-1,-1,-1
58,1,664.72,348.58,295.27,110.04,0.93,-1,-1,-1
58,2,1409.44,382.39,109.47,68.42,0.93,-1,-1,-1
58,3,421.43,389.35,77.02,15.68,0.49,-1,-1,-1
58,5,1047.77,368.12,379.32,115.60,0.92,-1,-1,-1
58,6,0.79,371.32,32.02,16.21,0.35,-1,-1,-1
58,4,239.13,630.54,610.68,165.54,0.29,-1,-1,-1
59,1,665.24,349.03,294.27,109.81,0.94,-1,-1,-1
59,2,1409.71,381.02,109.45,69.44,0.93,-1,-1,-1
59,3,421.74,390.19,76.20,15.18,0.56,-1,-1,-1
59,5,1046.98,368.45,379.96,114.98,0.93,-1,-1,-1
59,6,0.93,370.80,33.80,16.48,0.41,-1,-1,-1
59,4,236.03,630.21,610.07,167.51,0.27,-1,-1,-1
60,1,664.50,348.86,294.97,109.66,0.93,-1,-1,-1
60,2,1409.74,381.84,109.38,68.21,0.91,-1,-1,-1
60,3,421.58,390.49,76.12,14.80,0.72,-1,-1,-1
60,5,1047.65,368.42,378.88,115.19,0.92,-1,-1,-1
60,6,0.85,370.93,31.87,16.33,0.43,-1,-1,-1
60,4,234.97,629.27,609.63,169.63,0.24,-1,-1,-1
61,1,665.30,348.48,294.52,110.02,0.93,-1,-1,-1
61,2,1410.36,383.19,107.90,66.98,0.91,-1,-1,-1
61,3,421.28,389.89,78.29,15.70,0.36,-1,-1,-1
61,5,1049.32,368.96,375.27,114.78,0.91,-1,-1,-1
61,6,0.91,371.57,33.75,15.51,0.46,-1,-1,-1
61,4,228.65,628.14,612.28,168.27,0.28,-1,-1,-1
62,1,665.02,349.25,295.05,108.96,0.93,-1,-1,-1
62,2,1410.95,383.12,107.08,67.38,0.74,-1,-1,-1
62,3,421.88,389.68,78.48,16.11,0.34,-1,-1,-1
62,5,1049.17,367.69,375.92,115.91,0.94,-1,-1,-1
62,6,0.94,371.45,36.00,15.89,0.50,-1,-1,-1
62,4,238.60,629.14,626.54,170.27,0.40,-1,-1,-1
63,1,665.59,350.87,294.21,107.49,0.93,-1,-1,-1
63,2,1409.16,383.23,109.27,67.27,0.92,-1,-1,-1
63,3,422.33,390.14,78.32,16.15,0.80,-1,-1,-1
63,5,1049.19,368.07,375.38,115.57,0.92,-1,-1,-1
63,6,0.96,370.86,36.95,17.13,0.27,-1,-1,-1
63,4,243.51,628.43,628.90,177.72,0.25,-1,-1,-1
64,1,665.76,350.41,294.09,108.14,0.93,-1,-1,-1
64,2,1409.51,383.02,109.51,66.46,0.87,-1,-1,-1
64,3,422.02,389.99,78.83,16.52,0.83,-1,-1,-1
64,5,1048.47,369.20,375.83,114.23,0.91,-1,-1,-1
64,6,1.00,370.63,37.37,17.25,0.40,-1,-1,-1
65,1,665.92,350.12,294.69,108.34,0.93,-1,-1,-1
65,2,1409.34,383.67,109.59,66.70,0.92,-1,-1,-1
65,3,421.50,389.90,79.07,16.30,0.28,-1,-1,-1
65,5,1049.15,369.73,375.81,114.04,0.93,-1,-1,-1
65,6,0.98,370.87,36.75,17.59,0.32,-1,-1,-1
65,4,246.04,628.90,630.66,178.44,0.28,-1,-1,-1
66,1,666.63,349.19,294.19,109.54,0.93,-1,-1,-1
66,2,1410.05,384.33,107.57,66.54,0.91,-1,-1,-1
66,3,422.71,389.85,77.90,16.47,0.73,-1,-1,-1
66,5,1049.59,369.09,376.64,114.60,0.92,-1,-1,-1
66,6,1.02,371.53,36.06,16.62,0.36,-1,-1,-1
66,4,242.67,626.90,611.35,166.71,0.30,-1,-1,-1
67,1,666.67,348.20,294.29,110.50,0.93,-1,-1,-1
67,2,1410.31,384.16,106.77,66.55,0.91,-1,-1,-1
67,3,422.33,390.30,78.90,16.14,0.83,-1,-1,-1
67,5,1049.55,368.94,377.92,114.84,0.92,-1,-1,-1
67,6,1.03,370.87,36.03,17.04,0.26,-1,-1,-1
67,4,247.38,626.42,625.52,173.16,0.33,-1,-1,-1
68,1,666.99,349.68,294.99,109.25,0.94,-1,-1,-1
68,2,1410.39,384.04,105.42,66.74,0.89,-1,-1,-1
68,3,423.24,389.97,78.43,16.50,0.66,-1,-1,-1
68,5,1050.75,368.82,378.97,114.79,0.93,-1,-1,-1
68,6,0.91,371.39,38.35,17.16,0.36,-1,-1,-1
68,4,253.75,627.55,628.92,161.83,0.75,-1,-1,-1
69,1,666.85,350.08,295.37,108.78,0.93,-1,-1,-1
69,2,1408.62,383.43,107.65,67.54,0.90,-1,-1,-1
69,3,423.46,390.17,78.24,17.00,0.89,-1,-1,-1
69,5,1050.89,368.56,378.66,114.91,0.92,-1,-1,-1
69,6,1.00,371.08,39.68,18.12,0.28,-1,-1,-1
69,4,255.20,627.33,631.14,160.89,0.67,-1,-1,-1
70,1,666.87,349.36,295.73,109.53,0.94,-1,-1,-1
70,2,1409.73,382.95,108.14,68.47,0.89,-1,-1,-1
70,3,423.99,390.04,79.18,16.76,0.55,-1,-1,-1
70,5,1051.19,369.36,378.38,114.19,0.92,-1,-1,-1
70,6,0.97,371.81,39.56,17.17,0.40,-1,-1,-1
70,4,265.32,628.48,621.26,160.75,0.46,-1,-1,-1
71,1,667.21,347.96,294.43,111.02,0.94,-1,-1,-1
71,2,1410.48,383.80,107.98,67.51,0.89,-1,-1,-1
71,3,422.94,390.01,81.88,17.07,0.85,-1,-1,-1
71,5,1051.99,370.16,377.64,113.42,0.93,-1,-1,-1
71,4,268.87,629.39,617.54,161.84,0.43,-1,-1,-1
72,1,667.19,349.97,294.05,109.14,0.93,-1,-1,-1
72,2,1410.76,382.84,108.56,67.18,0.87,-1,-1,-1
72,3,423.59,389.96,81.82,17.20,0.80,-1,-1,-1
72,5,1051.83,370.12,378.10,113.41,0.92,-1,-1,-1
72,4,267.98,629.49,618.47,163.61,0.39,-1,-1,-1
72,6,0.63,371.05,43.66,18.48,0.31,-1,-1,-1
73,1,667.36,350.57,295.20,108.31,0.93,-1,-1,-1
73,2,1411.70,383.27,108.62,65.68,0.85,-1,-1,-1
73,3,423.22,390.11,82.78,16.98,0.86,-1,-1,-1
73,5,1052.91,370.52,376.82,112.70,0.94,-1,-1,-1
73,4,269.64,628.28,614.22,166.69,0.36,-1,-1,-1
73,6,0.73,371.02,42.34,18.94,0.38,-1,-1,-1
74,1,667.89,352.01,294.89,107.10,0.93,-1,-1,-1
74,2,1412.00,382.29,108.82,66.36,0.86,-1,-1,-1
74,3,424.84,390.03,82.15,16.99,0.88,-1,-1,-1
74,5,1053.51,369.05,375.93,114.16,0.92,-1,-1,-1
74,4,270.89,628.72,611.57,170.31,0.35,-1,-1,-1
74,6,0.77,370.88,41.71,19.28,0.35,-1,-1,-1
75,1,667.60,353.04,296.37,105.98,0.93,-1,-1,-1
75,2,1412.44,382.72,109.22,66.27,0.88,-1,-1,-1
75,3,426.16,390.49,80.58,16.93,0.91,-1,-1,-1
75,5,1052.46,369.54,376.57,114.00,0.93,-1,-1,-1
75,4,275.35,629.87,606.68,162.64,0.48,-1,-1,-1
75,6,0.87,371.09,41.98,19.23,0.27,-1,-1,-1
76,1,668.04,352.46,296.36,106.66,0.93,-1,-1,-1
76,2,1412.16,384.01,109.44,65.24,0.88,-1,-1,-1
76,3,424.85,390.55,82.66,17.64,0.85,-1,-1,-1
76,5,1052.66,370.14,377.10,113.42,0.93,-1,-1,-1
76,4,276.57,630.64,604.87,161.96,0.51,-1,-1,-1
76,6,0.83,370.42,41.93,20.11,0.41,-1,-1,-1
77,1,669.00,352.22,295.96,106.62,0.94,-1,-1,-1
77,2,1411.95,384.00,110.29,65.74,0.88,-1,-1,-1
77,3,426.54,389.71,80.26,17.28,0.88,-1,-1,-1
77,5,1051.68,370.66,378.34,113.00,0.94,-1,-1,-1
77,4,277.53,630.50,604.13,160.41,0.50,-1,-1,-1
77,6,0.84,371.81,41.74,18.69,0.42,-1,-1,-1
78,1,669.15,352.88,296.03,106.33,0.95,-1,-1,-1
78,2,1413.30,385.03,109.30,65.40,0.84,-1,-1,-1
78,3,425.29,390.44,81.83,16.79,0.91,-1,-1,-1
78,5,1052.39,371.35,378.69,112.57,0.94,-1,-1,-1
78,4,273.16,629.29,610.51,169.59,0.33,-1,-1,-1
79,1,668.79,352.37,295.72,106.77,0.94,-1,-1,-1
79,2,1412.83,384.77,109.90,66.47,0.87,-1,-1,-1
79,3,425.20,390.45,81.92,16.70,0.87,-1,-1,-1
79,5,1052.14,370.66,378.09,113.24,0.93,-1,-1,-1
79,4,269.38,629.90,614.74,173.76,0.27,-1,-1,-1
79,6,0.91,371.81,41.55,18.58,0.30,-1,-1,-1
80,1,668.87,351.08,295.71,108.21,0.95,-1,-1,-1
80,2,1412.68,385.16,108.43,67.19,0.88,-1,-1,-1
80,3,423.55,390.39,83.83,17.11,0.90,-1,-1,-1
80,5,1051.79,369.69,377.01,114.34,0.93,-1,-1,-1
80,6,1.00,372.02,41.02,17.95,0.38,-1,-1,-1
81,1,669.44,350.32,295.42,108.89,0.95,-1,-1,-1
81,2,1412.32,386.51,109.12,65.78,0.86,-1,-1,-1
81,3,425.18,390.67,82.44,16.73,0.90,-1,-1,-1
81,5,1051.17,368.47,378.00,115.51,0.93,-1,-1,-1
81,6,0.83,372.35,41.04,17.56,0.50,-1,-1,-1
82,1,669.20,352.73,295.93,106.45,0.93,-1,-1,-1
82,2,1413.19,385.85,107.78,65.96,0.81,-1,-1,-1
82,3,428.24,390.95,80.19,16.61,0.90,-1,-1,-1
82,5,1051.61,368.62,378.76,115.88,0.93,-1,-1,-1
82,6,0.86,372.38,40.68,17.57,0.39,-1,-1,-1
82,4,282.99,629.76,598.41,168.87,0.32,-1,-1,-1
83,1,669.93,353.02,294.99,106.17,0.95,-1,-1,-1
83,2,1417.05,385.93,105.19,64.06,0.75,-1,-1,-1
83,3,428.33,390.81,79.96,16.68,0.90,-1,-1,-1
83,5,1051.59,369.28,380.47,115.34,0.94,-1,-1,-1
83,6,0.66,372.59,42.87,17.58,0.34,-1,-1,-1
83,4,282.22,630.27,598.82,166.97,0.31,-1,-1,-1
84,1,670.27,353.71,294.85,105.46,0.94,-1,-1,-1
84,2,1416.88,386.97,106.13,62.38,0.71,-1,-1,-1
84,3,429.13,390.72,79.53,16.62,0.89,-1,-1,-1
84,5,1051.64,369.59,380.02,115.04,0.95,-1,-1,-1
84,6,0.80,372.01,42.02,18.02,0.39,-1,-1,-1
84,4,283.16,629.80,597.17,167.08,0.34,-1,-1,-1
85,1,670.56,354.73,295.04,104.43,0.95,-1,-1,-1
85,2,1415.39,386.70,108.39,64.02,0.84,-1,-1,-1
85,3,428.78,390.82,80.25,16.73,0.89,-1,-1,-1
85,5,1051.89,370.39,379.53,114.05,0.93,-1,-1,-1
85,6,1.08,371.96,43.63,16.95,0.35,-1,-1,-1
85,4,288.70,628.88,594.13,159.84,0.46,-1,-1,-1
86,1,670.32,354.34,296.10,104.81,0.92,-1,-1,-1
86,2,1415.00,385.92,109.01,64.68,0.85,-1,-1,-1
86,3,427.53,390.83,81.47,17.08,0.89,-1,-1,-1
86,5,1052.19,370.68,378.37,113.90,0.93,-1,-1,-1
86,6,0.88,372.24,44.61,17.42,0.38,-1,-1,-1
86,4,290.03,628.15,594.68,160.49,0.40,-1,-1,-1
87,1,670.81,354.98,296.86,104.41,0.61,-1,-1,-1
87,2,1415.22,386.77,109.16,63.70,0.85,-1,-1,-1
87,3,427.10,390.98,82.51,17.01,0.85,-1,-1,-1
87,5,1052.46,371.18,376.98,113.23,0.93,-1,-1,-1
87,6,1.09,372.72,44.61,17.03,0.43,-1,-1,-1
87,4,289.17,629.15,594.94,161.80,0.44,-1,-1,-1
88,1,670.81,353.62,296.11,105.79,0.86,-1,-1,-1
88,2,1416.38,386.70,108.01,63.71,0.83,-1,-1,-1
88,3,428.30,390.97,82.04,16.76,0.88,-1,-1,-1
88,5,1052.53,370.32,377.40,114.25,0.93,-1,-1,-1
88,6,1.03,372.99,44.94,16.84,0.35,-1,-1,-1
88,4,288.44,630.52,596.20,162.85,0.43,-1,-1,-1
89,1,670.38,352.13,296.76,107.41,0.87,-1,-1,-1
89,2,1416.13,385.91,108.17,64.68,0.82,-1,-1,-1
89,3,428.94,390.98,81.14,16.75,0.89,-1,-1,-1
89,5,1053.26,370.88,377.59,113.72,0.94,-1,-1,-1
89,6,0.95,372.05,42.65,17.48,0.43,-1,-1,-1
89,4,289.25,630.75,594.09,162.75,0.42,-1,-1,-1
90,1,672.25,352.42,294.34,107.29,0.25,-1,-1,-1
90,2,1418.19,386.43,106.70,64.23,0.79,-1,-1,-1
90,3,430.33,390.91,80.23,16.50,0.90,-1,-1,-1
90,5,1052.68,368.51,376.68,116.42,0.93,-1,-1,-1
90,6,0.48,373.39,46.19,16.68,0.49,-1,-1,-1
90,4,293.08,633.12,589.76,158.14,0.45,-1,-1,-1
91,1,672.24,352.16,294.74,107.20,0.48,-1,-1,-1
91,2,1417.97,386.92,107.14,64.34,0.82,-1,-1,-1
91,3,430.59,391.22,80.90,16.43,0.87,-1,-1,-1
91,5,1052.74,369.42,375.63,115.52,0.94,-1,-1,-1
91,6,0.80,373.60,43.94,16.59,0.22,-1,-1,-1
91,4,294.89,632.78,587.78,153.55,0.50,-1,-1,-1
92,1,672.41,351.30,293.08,108.15,0.91,-1,-1,-1
92,2,1417.78,386.29,107.68,65.01,0.69,-1,-1,-1
92,3,431.76,390.91,80.14,16.51,0.88,-1,-1,-1
92,5,1052.98,371.00,376.78,113.98,0.94,-1,-1,-1
92,6,1.15,373.80,44.07,16.16,0.36,-1,-1,-1
92,4,297.80,632.16,584.56,159.11,0.28,-1,-1,-1
93,1,673.25,352.05,292.96,107.51,0.76,-1,-1,-1
93,2,1416.99,388.26,109.15,63.04,0.57,-1,-1,-1
93,3,430.63,390.93,81.23,16.52,0.86,-1,-1,-1
93,5,1053.73,370.94,377.88,114.18,0.94,-1,-1,-1
93,6,0.97,373.38,44.89,16.63,0.36,-1,-1,-1
94,1,672.95,352.50,293.77,107.14,0.67,-1,-1,-1
94,2,1418.25,387.62,107.61,63.81,0.81,-1,-1,-1
94,3,431.90,390.91,80.52,16.61,0.87,-1,-1,-1
94,5,1054.42,372.94,374.51,112.44,0.94,-1,-1,-1
94,6,0.91,373.63,46.53,16.20,0.26,-1,-1,-1
94,4,302.31,630.29,585.06,174.39,0.22,-1,-1,-1
95,1,673.23,352.53,293.42,107.17,0.95,-1,-1,-1
95,2,1419.26,386.60,106.83,64.74,0.84,-1,-1,-1
95,3,432.40,390.83,80.31,16.82,0.90,-1,-1,-1
95,5,1054.09,372.99,373.72,112.49,0.93,-1,-1,-1
95,6,0.96,372.76,43.64,17.03,0.28,-1,-1,-1
95,4,303.14,630.28,585.32,175.97,0.26,-1,-1,-1
96,1,672.97,352.52,293.79,107.16,0.85,-1,-1,-1
96,2,1421.43,387.65,104.42,63.77,0.73,-1,-1,-1
96,3,433.12,390.80,79.10,16.79,0.85,-1,-1,-1
96,5,1054.18,373.10,375.85,112.30,0.94,-1,-1,-1
96,6,0.77,373.05,46.05,16.45,0.45,-1,-1,-1
96,4,302.49,629.52,587.18,177.51,0.29,-1,-1,-1
97,1,673.70,353.57,293.07,106.01,0.94,-1,-1,-1
97,2,1420.78,385.22,105.55,66.90,0.83,-1,-1,-1
97,3,432.93,390.70,80.17,17.06,0.92,-1,-1,-1
97,5,1054.32,372.14,374.24,113.59,0.94,-1,-1,-1
97,6,0.81,373.36,46.66,16.62,0.33,-1,-1,-1
98,1,673.31,354.44,293.88,105.28,0.94,-1,-1,-1
98,2,1421.12,385.75,105.36,66.53,0.79,-1,-1,-1
98,3,433.88,390.92,78.19,16.79,0.91,-1,-1,-1
98,5,1054.60,372.21,373.27,113.33,0.93,-1,-1,-1
98,6,0.70,373.33,48.19,16.76,0.38,-1,-1,-1
99,1,675.01,352.93,294.96,106.41,0.95,-1,-1,-1
99,2,1420.60,386.86,106.68,66.26,0.87,-1,-1,-1
99,3,433.95,390.96,78.47,16.94,0.91,-1,-1,-1
99,5,1054.01,369.77,374.38,115.62,0.93,-1,-1,-1
99,6,0.59,372.42,48.37,18.04,0.38,-1,-1,-1
99,4,305.07,629.40,611.47,178.76,0.48,-1,-1,-1
100,1,675.40,353.06,294.54,106.18,0.72,-1,-1,-1
100,2,1419.79,386.69,107.48,66.95,0.86,-1,-1,-1
100,3,434.19,390.80,79.03,17.03,0.91,-1,-1,-1
100,5,1054.37,369.95,373.97,115.62,0.93,-1,-1,-1
100,6,0.66,372.65,49.87,17.83,0.41,-1,-1,-1
100,4,305.50,629.38,614.97,179.00,0.50,-1,-1,-1
101,1,675.20,352.90,294.75,106.36,0.28,-1,-1,-1
101,2,1421.03,386.17,106.51,67.52,0.86,-1,-1,-1
101,3,435.52,391.09,78.04,16.46,0.91,-1,-1,-1
101,5,1055.06,370.03,374.26,115.51,0.94,-1,-1,-1
101,6,0.45,372.79,48.29,18.19,0.43,-1,-1,-1
101,4,306.50,629.61,615.70,177.03,0.49,-1,-1,-1
102,1,676.66,352.40,294.14,106.70,0.86,-1,-1,-1
102,2,1422.05,386.96,105.35,66.68,0.82,-1,-1,-1
102,3,435.22,390.71,79.54,16.93,0.91,-1,-1,-1
102,5,1055.86,371.77,377.40,113.72,0.95,-1,-1,-1
102,6,0.59,372.84,49.98,17.67,0.57,-1,-1,-1
102,4,307.98,629.80,610.85,168.51,0.51,-1,-1,-1
103,1,677.07,350.58,294.48,108.44,0.95,-1,-1,-1
103,2,1421.70,388.19,105.70,66.00,0.77,-1,-1,-1
103,3,435.92,390.88,79.65,16.44,0.91,-1,-1,-1
103,5,1055.72,370.66,379.76,114.67,0.95,-1,-1,-1
103,6,0.37,372.74,50.33,17.95,0.56,-1,-1,-1
103,4,310.32,629.42,606.41,164.69,0.53,-1,-1,-1
104,1,678.00,352.58,291.54,107.04,0.86,-1,-1,-1
104,2,1423.23,387.32,104.65,67.55,0.80,-1,-1,-1
104,3,435.52,390.51,80.74,16.96,0.90,-1,-1,-1
104,5,1057.22,371.68,378.14,114.01,0.94,-1,-1,-1
104,6,0.11,372.49,50.19,18.63,0.60,-1,-1,-1
104,4,307.47,628.68,615.31,169.27,0.45,-1,-1,-1
105,1,678.18,353.19,290.71,106.63,0.41,-1,-1,-1
105,2,1421.71,385.72,106.58,69.04,0.87,-1,-1,-1
105,3,434.85,390.63,81.88,17.41,0.90,-1,-1,-1
105,5,1057.60,373.14,375.19,112.60,0.95,-1,-1,-1
105,6,0.22,372.49,50.70,18.36,0.62,-1,-1,-1
105,4,308.68,629.21,615.97,168.63,0.41,-1,-1,-1
106,1,677.71,351.06,292.35,108.76,0.31,-1,-1,-1
106,2,1424.69,386.81,104.34,67.67,0.72,-1,-1,-1
106,3,434.21,390.81,83.20,17.07,0.90,-1,-1,-1
106,5,1058.83,372.79,375.89,113.17,0.95,-1,-1,-1
106,6,0.45,373.18,50.69,17.97,0.55,-1,-1,-1
106,4,309.72,630.25,616.73,164.77,0.42,-1,-1,-1
107,2,1427.57,386.74,101.06,67.09,0.73,-1,-1,-1
107,3,434.19,390.93,84.22,17.04,0.89,-1,-1,-1
107,5,1058.74,370.83,376.65,115.20,0.95,-1,-1,-1
107,6,0.15,373.81,51.42,17.99,0.69,-1,-1,-1
107,4,310.14,630.91,617.26,162.50,0.43,-1,-1,-1
108,2,1427.91,387.47,101.00,66.43,0.79,-1,-1,-1
108,3,434.39,391.19,83.53,16.98,0.87,-1,-1,-1
108,5,1058.91,372.16,375.75,113.89,0.95,-1,-1,-1
108,6,0.14,374.13,51.46,17.44,0.61,-1,-1,-1
108,4,311.24,630.61,617.00,160.41,0.47,-1,-1,-1
108,1,677.93,353.14,290.85,106.79,0.91,-1,-1,-1
109,2,1426.88,385.91,101.83,68.35,0.66,-1,-1,-1
109,3,434.86,391.39,82.50,16.87,0.88,-1,-1,-1
109,5,1060.53,372.91,380.02,112.97,0.94,-1,-1,-1
109,6,0.24,374.77,51.58,17.00,0.60,-1,-1,-1
109,4,317.52,631.43,608.63,149.86,0.62,-1,-1,-1
110,2,1429.53,385.79,99.43,68.32,0.63,-1,-1,-1
110,3,434.93,391.63,81.26,16.50,0.86,-1,-1,-1
110,5,1061.11,372.20,387.57,113.47,0.95,-1,-1,-1
110,6,0.07,374.27,52.18,17.69,0.64,-1,-1,-1
110,4,319.30,632.38,606.52,146.48,0.60,-1,-1,-1
110,1,678.46,349.83,292.72,110.55,0.88,-1,-1,-1
111,2,1426.34,385.97,102.42,69.28,0.59,-1,-1,-1
111,3,435.81,391.02,83.38,17.09,0.88,-1,-1,-1
111,5,1061.22,370.80,394.91,115.24,0.94,-1,-1,-1
111,6,0.30,374.72,51.71,17.22,0.62,-1,-1,-1
111,4,324.13,632.21,603.71,141.09,0.66,-1,-1,-1
111,1,679.38,350.36,292.65,110.04,0.94,-1,-1,-1
112,2,1423.54,385.86,105.24,69.63,0.65,-1,-1,-1
112,3,435.57,391.14,83.43,16.78,0.89,-1,-1,-1
112,5,1061.57,370.34,388.92,115.85,0.95,-1,-1,-1
112,6,0.15,374.28,51.47,17.57,0.65,-1,-1,-1
112,4,323.57,632.16,604.86,140.91,0.68,-1,-1,-1
112,1,679.63,350.70,292.58,109.66,0.96,-1,-1,-1
113,2,1423.41,386.80,105.33,69.07,0.55,-1,-1,-1
113,3,435.40,391.25,82.44,16.74,0.90,-1,-1,-1
113,5,1061.49,369.78,403.46,116.14,0.94,-1,-1,-1
113,6,0.63,374.06,50.71,17.26,0.61,-1,-1,-1
113,4,324.12,631.65,604.96,140.07,0.66,-1,-1,-1
113,1,679.71,349.08,292.75,111.22,0.95,-1,-1,-1
114,2,1424.40,388.17,104.29,66.71,0.74,-1,-1,-1
114,3,436.93,391.50,78.89,16.61,0.87,-1,-1,-1
114,5,1061.97,370.43,391.48,115.82,0.95,-1,-1,-1
114,6,0.55,374.47,51.41,16.97,0.62,-1,-1,-1
114,4,311.05,630.46,619.79,160.13,0.32,-1,-1,-1
114,1,679.62,350.85,293.55,109.53,0.86,-1,-1,-1
115,2,1424.36,388.92,104.42,66.07,0.59,-1,-1,-1
115,3,436.49,391.60,80.31,16.83,0.85,-1,-1,-1
115,5,1062.27,371.48,398.34,114.82,0.94,-1,-1,-1
115,6,0.58,374.33,51.39,17.24,0.68,-1,-1,-1
115,4,303.48,629.80,628.48,166.94,0.28,-1,-1,-1
115,1,681.11,351.99,292.02,108.44,0.91,-1,-1,-1
116,3,436.29,391.67,80.06,16.57,0.87,-1,-1,-1
116,5,1062.54,372.95,402.34,113.55,0.94,-1,-1,-1
116,6,0.85,374.56,52.30,16.77,0.64,-1,-1,-1
116,1,681.75,352.30,291.92,107.97,0.96,-1,-1,-1
117,3,436.72,391.72,79.94,16.47,0.85,-1,-1,-1
117,5,1062.30,373.16,395.32,113.54,0.94,-1,-1,-1
117,6,0.97,374.31,51.99,17.00,0.68,-1,-1,-1
117,1,681.15,352.92,293.25,107.45,0.94,-1,-1,-1
117,2,1429.45,390.27,99.26,63.62,0.57,-1,-1,-1
117,4,289.11,626.20,640.97,180.11,0.21,-1,-1,-1
118,3,438.57,391.44,80.80,16.52,0.87,-1,-1,-1
118,5,1061.94,372.94,388.98,114.23,0.94,-1,-1,-1
118,6,0.87,373.65,53.35,17.72,0.72,-1,-1,-1
118,1,682.20,351.50,292.77,108.89,0.93,-1,-1,-1
118,2,1441.14,388.45,88.71,62.35,0.62,-1,-1,-1
118,4,290.37,646.20,662.87,216.84,0.24,-1,-1,-1
119,3,438.31,391.57,81.93,16.57,0.85,-1,-1,-1
119,5,1062.61,373.74,387.06,113.45,0.95,-1,-1,-1
119,6,0.56,372.95,54.85,18.08,0.70,-1,-1,-1
119,1,681.67,350.60,294.23,109.94,0.93,-1,-1,-1
119,2,1433.98,386.58,96.03,64.94,0.70,-1,-1,-1
120,3,440.26,391.46,79.83,16.52,0.88,-1,-1,-1
120,5,1062.38,372.60,384.50,114.53,0.94,-1,-1,-1
120,6,0.71,372.18,54.71,18.58,0.68,-1,-1,-1
120,1,682.66,350.78,293.22,110.09,0.93,-1,-1,-1
120,2,1431.11,385.50,99.39,66.51,0.76,-1,-1,-1
120,4,288.07,652.35,673.47,235.22,0.24,-1,-1,-1
121,3,440.11,391.37,79.70,16.78,0.86,-1,-1,-1
121,5,1063.13,371.71,383.67,115.50,0.95,-1,-1,-1
121,6,1.08,372.51,55.01,18.33,0.70,-1,-1,-1
121,1,683.64,353.00,293.65,107.89,0.93,-1,-1,-1
121,2,1431.02,385.53,99.76,67.12,0.82,-1,-1,-1
121,4,308.50,638.14,633.14,198.04,0.33,-1,-1,-1
122,3,438.27,391.07,81.62,17.60,0.85,-1,-1,-1
122,5,1063.21,371.18,386.12,115.96,0.94,-1,-1,-1
122,6,1.03,372.81,55.66,18.12,0.63,-1,-1,-1
122,1,683.40,351.79,294.02,109.08,0.95,-1,-1,-1
122,2,1431.59,384.90,99.55,68.52,0.79,-1,-1,-1
122,4,314.76,631.07,619.92,183.09,0.33,-1,-1,-1
123,3,437.76,391.34,84.07,17.63,0.86,-1,-1,-1
123,5,1063.07,369.51,379.93,117.60,0.94,-1,-1,-1
123,6,0.95,373.91,54.79,17.48,0.64,-1,-1,-1
123,1,684.18,353.66,293.79,107.49,0.93,-1,-1,-1
123,2,1427.89,385.52,104.18,68.87,0.89,-1,-1,-1
123,4,337.92,633.72,595.13,157.59,0.73,-1,-1,-1
124,3,439.22,391.20,84.69,17.56,0.86,-1,-1,-1
124,5,1063.02,370.20,377.01,116.83,0.94,-1,-1,-1
124,6,0.96,373.51,55.41,18.06,0.62,-1,-1,-1
124,1,684.23,356.34,293.84,104.78,0.95,-1,-1,-1
124,2,1427.24,385.43,105.27,69.30,0.89,-1,-1,-1
124,4,347.26,634.93,585.45,148.23,0.74,-1,-1,-1
125,3,440.19,391.33,82.69,17.20,0.87,-1,-1,-1
125,5,1062.90,369.33,378.60,117.54,0.94,-1,-1,-1
125,6,0.94,374.21,54.02,17.30,0.66,-1,-1,-1
125,1,685.70,355.43,292.21,105.77,0.94,-1,-1,-1
125,2,1428.25,384.13,104.17,70.67,0.86,-1,-1,-1
125,4,350.98,635.66,581.62,141.24,0.75,-1,-1,-1
126,3,441.62,391.51,81.74,16.94,0.87,-1,-1,-1
126,5,1062.95,371.29,378.60,115.69,0.94,-1,-1,-1
126,6,0.97,373.94,54.41,17.21,0.64,-1,-1,-1
126,1,685.54,355.50,292.33,105.81,0.93,-1,-1,-1
126,2,1429.71,385.94,103.69,69.46,0.86,-1,-1,-1
126,4,352.40,635.66,599.29,160.68,0.66,-1,-1,-1
127,3,442.09,391.76,81.07,16.71,0.87,-1,-1,-1
127,5,1063.04,371.95,377.38,115.19,0.94,-1,-1,-1
127,6,1.05,374.00,53.96,17.05,0.69,-1,-1,-1
127,1,686.11,355.44,291.56,106.20,0.94,-1,-1,-1
127,2,1429.46,387.09,104.58,68.62,0.88,-1,-1,-1
127,4,352.46,635.45,605.97,166.47,0.70,-1,-1,-1
128,3,443.39,392.02,81.31,16.70,0.84,-1,-1,-1
128,5,1063.60,373.06,376.10,114.29,0.94,-1,-1,-1
128,6,1.35,374.55,56.70,16.31,0.62,-1,-1,-1
128,1,686.76,356.24,291.42,105.56,0.95,-1,-1,-1
128,2,1431.15,388.18,103.13,67.07,0.87,-1,-1,-1
128,4,355.01,634.72,610.87,167.05,0.75,-1,-1,-1
129,3,443.78,391.73,80.64,17.58,0.83,-1,-1,-1
129,5,1063.49,372.50,375.37,115.14,0.94,-1,-1,-1
129,6,1.18,374.48,53.72,16.56,0.56,-1,-1,-1
129,1,686.84,356.23,291.60,105.70,0.93,-1,-1,-1
129,2,1432.05,387.82,102.43,67.30,0.88,-1,-1,-1
129,4,356.40,635.78,611.98,162.82,0.72,-1,-1,-1
130,3,443.29,392.33,81.70,17.23,0.85,-1,-1,-1
130,5,1064.79,373.09,384.31,114.66,0.51,-1,-1,-1
130,6,1.00,374.10,55.42,16.35,0.60,-1,-1,-1
130,1,687.45,356.56,290.64,105.72,0.94,-1,-1,-1
130,2,1433.78,386.12,100.61,69.42,0.84,-1,-1,-1
130,4,358.93,635.02,611.27,173.17,0.54,-1,-1,-1
131,3,444.59,392.48,78.97,16.79,0.88,-1,-1,-1
131,5,1065.35,374.12,388.86,113.58,0.95,-1,-1,-1
131,6,0.94,374.13,56.52,16.49,0.65,-1,-1,-1
131,1,687.68,356.74,290.36,105.44,0.95,-1,-1,-1
131,2,1434.02,388.07,100.54,67.41,0.82,-1,-1,-1
131,4,358.65,633.47,611.52,182.33,0.30,-1,-1,-1
132,3,444.73,392.91,78.40,16.32,0.88,-1,-1,-1
132,5,1065.52,373.66,395.55,113.90,0.91,-1,-1,-1
132,6,1.17,373.92,58.00,16.73,0.68,-1,-1,-1
132,1,687.40,356.69,290.70,105.38,0.94,-1,-1,-1
132,2,1434.70,387.93,99.62,67.26,0.77,-1,-1,-1
132,4,358.65,633.30,611.92,185.09,0.41,-1,-1,-1
133,3,444.53,392.56,79.99,16.89,0.88,-1,-1,-1
133,5,1064.92,374.56,396.51,113.24,0.87,-1,-1,-1
133,6,1.16,373.81,59.47,17.09,0.63,-1,-1,-1
133,1,687.91,357.10,289.66,104.89,0.95,-1,-1,-1
133,2,1434.60,390.17,100.58,66.02,0.82,-1,-1,-1
133,4,356.71,632.49,613.44,188.64,0.36,-1,-1,-1
134,3,445.47,392.43,78.68,16.87,0.88,-1,-1,-1
134,5,1064.39,375.80,400.97,111.93,0.94,-1,-1,-1
134,6,1.23,373.51,60.93,17.11,0.54,-1,-1,-1
134,1,688.12,356.89,290.00,105.07,0.95,-1,-1,-1
134,2,1434.41,391.00,100.56,65.56,0.77,-1,-1,-1
134,4,356.89,632.18,611.97,187.42,0.48,-1,-1,-1
135,3,445.72,392.89,78.42,17.36,0.25,-1,-1,-1
135,5,1064.86,374.60,425.48,112.94,0.91,-1,-1,-1
135,6,1.35,373.89,61.55,16.68,0.52,-1,-1,-1
135,1,689.13,356.88,289.11,105.52,0.92,-1,-1,-1
135,2,1434.55,388.20,100.55,68.20,0.63,-1,-1,-1
135,4,341.39,630.46,610.39,176.52,0.32,-1,-1,-1
136,3,446.91,392.95,77.55,17.64,0.89,-1,-1,-1
136,5,1065.09,373.74,437.49,113.32,0.92,-1,-1,-1
136,6,1.56,372.81,60.62,18.06,0.71,-1,-1,-1
136,1,689.52,357.40,288.13,105.37,0.93,-1,-1,-1
136,2,1434.79,388.99,100.87,67.81,0.62,-1,-1,-1
136,4,329.89,629.24,614.75,174.18,0.31,-1,-1,-1
137,3,447.36,393.04,77.56,17.63,0.88,-1,-1,-1
137,5,1065.00,373.46,441.37,113.96,0.91,-1,-1,-1
137,6,1.42,372.59,63.14,18.29,0.66,-1,-1,-1
137,1,689.51,356.51,288.12,106.18,0.92,-1,-1,-1
137,2,1434.49,389.47,101.76,67.86,0.66,-1,-1,-1
137,4,325.43,628.55,615.77,176.56,0.27,-1,-1,-1
138,3,447.01,392.81,79.16,17.96,0.90,-1,-1,-1
138,5,1065.64,374.48,453.04,113.11,0.91,-1,-1,-1
138,6,0.83,373.24,63.50,17.86,0.68,-1,-1,-1
138,1,690.66,356.77,288.20,106.70,0.93,-1,-1,-1
138,2,1434.20,390.29,102.59,67.64,0.32,-1,-1,-1
138,4,327.82,627.06,607.46,182.89,0.40,-1,-1,-1
139,3,446.77,392.71,79.82,17.99,0.89,-1,-1,-1
139,5,1064.93,374.99,439.59,112.57,0.90,-1,-1,-1
139,6,0.77,373.24,65.73,18.32,0.65,-1,-1,-1
139,1,690.67,355.81,288.53,107.88,0.93,-1,-1,-1
139,2,1433.85,390.58,102.95,67.08,0.71,-1,-1,-1
139,4,331.23,627.13,602.59,180.85,0.38,-1,-1,-1
140,3,446.40,392.80,80.44,18.03,0.87,-1,-1,-1
140,5,1066.49,375.37,458.59,112.38,0.91,-1,-1,-1
140,6,0.90,373.06,67.01,18.53,0.68,-1,-1,-1
140,1,690.61,353.98,289.62,109.84,0.93,-1,-1,-1
140,4,333.40,628.11,599.17,182.01,0.22,-1,-1,-1
141,3,445.18,393.24,81.94,17.59,0.68,-1,-1,-1
141,5,1066.62,375.87,453.85,111.83,0.90,-1,-1,-1
141,6,1.38,373.36,63.58,18.29,0.40,-1,-1,-1
141,1,691.40,353.55,289.48,110.37,0.93,-1,-1,-1
141,4,341.71,630.20,614.33,191.61,0.22,-1,-1,-1
141,2,1433.40,390.35,103.87,67.25,0.27,-1,-1,-1
142,3,446.71,393.26,80.46,17.70,0.88,-1,-1,-1
142,5,1066.69,376.50,451.98,110.83,0.91,-1,-1,-1
142,6,1.54,372.54,62.59,19.22,0.47,-1,-1,-1
142,1,691.69,354.75,288.82,109.06,0.92,-1,-1,-1
142,4,353.65,631.36,611.23,194.97,0.21,-1,-1,-1
143,3,447.06,393.34,79.49,17.69,0.86,-1,-1,-1
143,5,1065.66,376.25,448.59,111.56,0.91,-1,-1,-1
143,6,1.61,373.25,61.03,18.44,0.54,-1,-1,-1
143,1,691.51,354.46,289.12,109.46,0.92,-1,-1,-1
143,4,359.87,632.19,608.45,195.83,0.22,-1,-1,-1
143,2,1434.23,389.92,104.28,67.52,0.39,-1,-1,-1
144,3,446.59,393.44,80.17,17.75,0.86,-1,-1,-1
144,5,1064.99,377.32,442.48,110.40,0.91,-1,-1,-1
144,6,1.41,373.61,61.60,18.45,0.53,-1,-1,-1
144,1,692.05,353.42,288.20,110.27,0.93,-1,-1,-1
144,4,361.67,632.14,608.31,196.74,0.22,-1,-1,-1
144,2,1434.34,390.55,104.21,67.04,0.78,-1,-1,-1
145,3,447.72,393.31,79.35,17.97,0.88,-1,-1,-1
145,5,1065.70,377.76,425.32,110.49,0.89,-1,-1,-1
145,6,1.55,374.14,59.49,17.69,0.59,-1,-1,-1
145,1,691.99,353.48,288.49,110.12,0.92,-1,-1,-1
145,4,366.38,632.04,605.85,186.98,0.28,-1,-1,-1
145,2,1433.19,389.60,105.20,67.88,0.78,-1,-1,-1
146,3,447.84,393.18,79.30,18.19,0.86,-1,-1,-1
146,5,1065.88,377.95,415.07,110.31,0.89,-1,-1,-1
146,6,1.47,373.07,62.54,18.51,0.67,-1,-1,-1
146,1,692.14,353.19,288.58,110.53,0.92,-1,-1,-1
146,4,368.02,631.60,604.46,180.79,0.39,-1,-1,-1
146,2,1432.79,388.48,106.04,68.60,0.79,-1,-1,-1
147,3,447.23,393.30,80.39,18.16,0.87,-1,-1,-1
147,5,1067.11,379.57,390.13,109.10,0.53,-1,-1,-1
147,6,1.00,372.17,64.14,20.06,0.71,-1,-1,-1
147,1,693.68,351.92,287.42,111.51,0.92,-1,-1,-1
147,4,368.59,630.33,609.30,185.68,0.29,-1,-1,-1
147,2,1431.21,390.43,107.96,66.92,0.87,-1,-1,-1
148,3,447.16,393.30,82.03,18.11,0.86,-1,-1,-1
148,5,1069.04,378.70,380.12,109.88,0.94,-1,-1,-1
148,6,0.93,373.23,61.72,18.86,0.71,-1,-1,-1
148,1,693.26,353.18,287.58,110.24,0.92,-1,-1,-1
148,4,372.24,630.63,607.19,187.30,0.27,-1,-1,-1
148,2,1431.71,391.55,108.24,65.23,0.88,-1,-1,-1
149,3,446.78,394.09,81.51,17.53,0.88,-1,-1,-1
149,5,1067.63,379.43,380.07,109.48,0.86,-1,-1,-1
149,6,1.01,373.85,62.88,18.32,0.70,-1,-1,-1
149,1,693.48,352.16,287.47,111.35,0.92,-1,-1,-1
149,4,372.81,630.19,608.06,189.17,0.28,-1,-1,-1
149,2,1431.33,391.02,108.63,65.97,0.88,-1,-1,-1
150,3,446.44,394.56,82.97,17.33,0.87,-1,-1,-1
150,5,1070.09,379.11,374.68,109.22,0.94,-1,-1,-1
150,6,1.23,374.44,61.18,17.98,0.57,-1,-1,-1
150,1,693.51,351.68,288.13,112.65,0.93,-1,-1,-1
150,2,1432.15,390.51,107.37,67.18,0.88,-1,-1,-1
151,3,446.40,393.83,84.42,17.80,0.86,-1,-1,-1
151,5,1070.39,378.69,373.68,109.98,0.94,-1,-1,-1
151,6,0.98,374.61,64.71,18.54,0.71,-1,-1,-1
151,1,693.36,351.79,288.49,112.95,0.92,-1,-1,-1
151,2,1432.64,390.63,106.35,67.41,0.88,-1,-1,-1
152,3,447.35,394.14,82.68,17.32,0.86,-1,-1,-1
152,5,1071.51,379.44,367.62,109.64,0.93,-1,-1,-1
152,6,0.97,374.95,65.94,19.18,0.71,-1,-1,-1
152,1,693.83,354.00,289.43,110.64,0.92,-1,-1,-1
152,2,1433.04,391.40,107.13,66.69,0.88,-1,-1,-1
152,4,383.01,632.01,594.87,183.38,0.29,-1,-1,-1
153,3,448.66,393.99,80.77,17.56,0.88,-1,-1,-1
153,5,1072.33,379.98,362.66,109.44,0.93,-1,-1,-1
153,6,0.98,375.51,67.09,19.18,0.69,-1,-1,-1
153,1,694.77,352.74,288.67,111.80,0.93,-1,-1,-1
153,2,1432.82,390.77,107.44,67.26,0.90,-1,-1,-1
153,4,382.59,632.06,594.47,180.86,0.29,-1,-1,-1
154,3,450.01,393.74,79.61,18.00,0.88,-1,-1,-1
154,5,1072.94,380.07,365.06,109.72,0.94,-1,-1,-1
154,6,1.10,375.23,67.99,19.68,0.74,-1,-1,-1
154,1,695.47,354.36,289.15,109.85,0.92,-1,-1,-1
154,2,1433.18,389.40,108.25,68.11,0.89,-1,-1,-1
154,4,378.69,632.30,596.65,184.90,0.23,-1,-1,-1
155,3,449.73,393.57,80.39,18.09,0.85,-1,-1,-1
155,5,1073.23,381.09,365.23,108.74,0.93,-1,-1,-1
155,6,1.06,374.85,67.86,19.89,0.75,-1,-1,-1
155,1,695.73,354.35,289.49,109.67,0.92,-1,-1,-1
155,2,1432.69,389.43,109.46,68.19,0.90,-1,-1,-1
155,4,379.17,633.06,595.65,186.10,0.22,-1,-1,-1
156,3,449.18,393.87,81.18,18.11,0.87,-1,-1,-1
156,5,1073.15,380.62,366.37,109.04,0.94,-1,-1,-1
156,6,1.09,375.68,67.57,19.30,0.71,-1,-1,-1
156,1,695.44,355.22,289.50,108.84,0.92,-1,-1,-1
156,2,1433.14,390.14,109.38,67.89,0.89,-1,-1,-1
156,4,378.84,633.03,595.79,186.32,0.23,-1,-1,-1
157,3,450.01,394.00,81.25,17.77,0.87,-1,-1,-1
157,5,1074.01,380.76,364.62,108.74,0.92,-1,-1,-1
157,6,0.95,375.91,67.02,19.46,0.74,-1,-1,-1
157,1,696.27,357.05,287.51,107.17,0.94,-1,-1,-1
157,2,1432.77,391.46,109.54,66.32,0.90,-1,-1,-1
158,3,449.79,393.94,82.09,17.94,0.85,-1,-1,-1
158,5,1074.27,381.53,364.55,107.71,0.91,-1,-1,-1
158,6,0.96,375.47,66.63,19.55,0.75,-1,-1,-1
158,1,696.84,357.63,286.93,106.95,0.93,-1,-1,-1
158,2,1432.44,391.85,109.64,66.15,0.90,-1,-1,-1
159,3,450.11,394.22,81.82,17.58,0.86,-1,-1,-1
159,5,1074.24,380.13,366.86,109.11,0.93,-1,-1,-1
159,6,1.21,375.86,67.01,19.25,0.76,-1,-1,-1
159,1,697.30,358.32,287.20,106.80,0.93,-1,-1,-1
159,2,1433.29,390.25,109.21,67.51,0.90,-1,-1,-1
159,4,393.39,636.05,579.92,180.73,0.21,-1,-1,-1
160,3,451.36,394.51,80.55,17.23,0.86,-1,-1,-1
160,5,1074.77,380.93,369.41,108.45,0.74,-1,-1,-1
160,6,1.34,376.05,68.53,18.62,0.74,-1,-1,-1
160,1,697.94,357.65,286.85,107.64,0.92,-1,-1,-1
160,2,1433.87,391.87,108.88,65.91,0.89,-1,-1,-1
161,3,452.68,394.55,79.59,17.82,0.85,-1,-1,-1
161,5,1074.30,380.96,367.26,108.22,0.92,-1,-1,-1
161,6,1.44,375.66,67.52,18.91,0.76,-1,-1,-1
161,1,698.02,354.06,287.75,111.46,0.92,-1,-1,-1
161,2,1433.58,390.81,109.02,66.94,0.90,-1,-1,-1
161,4,396.57,636.58,577.70,178.30,0.23,-1,-1,-1
162,3,454.20,395.18,78.23,17.42,0.84,-1,-1,-1
162,5,1074.20,379.27,370.70,110.41,0.94,-1,-1,-1
162,6,1.60,375.02,67.27,19.91,0.71,-1,-1,-1
162,1,698.31,356.39,288.85,109.40,0.92,-1,-1,-1
162,2,1433.67,391.75,110.09,65.55,0.89,-1,-1,-1
162,4,399.87,635.56,576.84,176.64,0.36,-1,-1,-1
163,3,454.66,395.42,78.64,17.24,0.86,-1,-1,-1
163,5,1073.80,379.89,369.10,110.00,0.94,-1,-1,-1
163,6,1.69,374.70,66.08,19.94,0.67,-1,-1,-1
163,1,698.50,357.45,288.71,108.62,0.92,-1,-1,-1
163,2,1433.28,391.76,110.43,65.15,0.88,-1,-1,-1
163,4,401.04,636.06,575.91,175.17,0.38,-1,-1,-1
164,3,454.07,394.85,79.84,17.89,0.84,-1,-1,-1
164,5,1074.70,379.21,372.94,111.10,0.91,-1,-1,-1
164,6,1.62,374.16,68.90,19.83,0.76,-1,-1,-1
164,1,698.80,356.87,288.90,108.88,0.91,-1,-1,-1
164,2,1433.31,391.66,109.57,65.73,0.86,-1,-1,-1
164,4,403.50,634.76,596.49,178.75,0.52,-1,-1,-1
165,3,454.22,394.59,80.76,18.31,0.85,-1,-1,-1
165,5,1074.34,379.10,373.24,111.41,0.94,-1,-1,-1
165,6,1.68,374.15,66.98,20.02,0.74,-1,-1,-1
165,1,699.21,357.16,289.82,108.91,0.91,-1,-1,-1
165,2,1433.59,392.08,109.89,65.60,0.87,-1,-1,-1
165,4,404.87,635.06,602.43,178.03,0.58,-1,-1,-1
166,3,455.23,394.67,78.31,17.80,0.86,-1,-1,-1
166,5,1074.80,380.90,373.08,109.71,0.86,-1,-1,-1
166,6,1.94,373.56,68.50,20.73,0.77,-1,-1,-1
166,1,699.58,357.80,289.53,108.09,0.92,-1,-1,-1
166,2,1432.64,391.78,111.47,66.34,0.85,-1,-1,-1
166,4,402.92,634.01,588.58,176.72,0.41,-1,-1,-1
167,3,455.94,395.19,77.28,17.56,0.86,-1,-1,-1
167,5,1074.73,380.08,372.12,110.42,0.94,-1,-1,-1
167,6,2.09,374.18,70.20,19.88,0.70,-1,-1,-1
167,1,699.51,357.75,290.97,108.12,0.92,-1,-1,-1
167,2,1433.57,392.30,110.32,65.26,0.87,-1,-1,-1
167,4,401.33,633.74,584.24,176.62,0.38,-1,-1,-1
168,3,456.24,395.15,77.34,17.49,0.87,-1,-1,-1
168,5,1073.40,381.12,378.19,109.68,0.94,-1,-1,-1
168,6,2.07,375.11,69.03,18.65,0.74,-1,-1,-1
168,1,699.60,357.36,290.92,108.40,0.92,-1,-1,-1
168,2,1433.47,393.11,111.31,65.20,0.83,-1,-1,-1
168,4,401.12,633.56,581.28,176.89,0.38,-1,-1,-1
169,3,456.82,395.08,77.19,17.49,0.86,-1,-1,-1
169,5,1074.78,380.82,373.01,109.89,0.94,-1,-1,-1
169,6,2.72,375.43,69.35,18.64,0.70,-1,-1,-1
169,1,699.59,358.18,289.07,108.00,0.92,-1,-1,-1
169,2,1433.16,393.97,111.22,63.85,0.87,-1,-1,-1
169,4,402.02,633.81,601.08,179.56,0.44,-1,-1,-1
170,3,457.33,395.10,77.04,17.64,0.87,-1,-1,-1
170,5,1075.69,381.48,371.38,109.00,0.94,-1,-1,-1
170,6,3.05,375.90,68.39,17.78,0.66,-1,-1,-1
170,1,699.98,359.46,288.80,106.67,0.92,-1,-1,-1
170,2,1433.39,393.34,111.20,64.56,0.87,-1,-1,-1
170,4,401.59,633.49,609.74,181.64,0.39,-1,-1,-1
171,3,457.54,395.23,78.09,18.09,0.84,-1,-1,-1
171,5,1075.17,382.52,383.57,109.12,0.94,-1,-1,-1
171,6,2.74,375.56,70.19,18.26,0.75,-1,-1,-1
171,1,700.53,356.67,289.54,109.90,0.92,-1,-1,-1
171,2,1435.39,394.32,110.20,63.38,0.85,-1,-1,-1
171,4,403.07,633.89,612.36,185.63,0.34,-1,-1,-1
172,3,457.89,396.05,78.34,18.44,0.84,-1,-1,-1
172,5,1075.53,382.63,385.63,109.09,0.94,-1,-1,-1
172,6,3.19,376.22,71.37,17.05,0.70,-1,-1,-1
172,1,700.81,355.59,288.94,111.04,0.92,-1,-1,-1
172,2,1435.46,394.43,110.25,63.26,0.87,-1,-1,-1
172,4,403.97,633.21,612.73,188.79,0.39,-1,-1,-1
173,3,457.62,396.12,79.53,18.44,0.80,-1,-1,-1
173,5,1075.04,382.99,386.20,109.33,0.94,-1,-1,-1
173,6,3.29,377.00,69.18,16.81,0.69,-1,-1,-1
173,1,700.73,354.87,288.59,111.70,0.92,-1,-1,-1
173,2,1435.15,394.47,110.54,63.54,0.83,-1,-1,-1
173,4,402.59,633.15,615.08,189.69,0.21,-1,-1,-1
174,3,459.12,396.26,77.67,17.80,0.82,-1,-1,-1
174,5,1074.95,384.07,380.62,108.56,0.92,-1,-1,-1
174,6,3.13,376.74,66.37,16.57,0.66,-1,-1,-1
174,1,701.13,354.49,289.02,112.43,0.92,-1,-1,-1
174,2,1435.07,394.11,111.23,64.56,0.90,-1,-1,-1
174,4,407.57,634.99,610.33,189.65,0.25,-1,-1,-1
175,3,458.31,396.94,78.18,17.35,0.87,-1,-1,-1
175,5,1076.03,384.00,375.38,108.52,0.93,-1,-1,-1
175,6,2.74,377.23,69.68,15.98,0.68,-1,-1,-1
175,1,701.33,355.22,289.20,111.66,0.92,-1,-1,-1
175,2,1434.98,393.88,110.98,65.23,0.90,-1,-1,-1
175,4,410.35,634.74,608.13,190.00,0.27,-1,-1,-1
176,3,458.39,397.22,78.84,17.30,0.88,-1,-1,-1
176,5,1075.92,383.51,371.36,109.21,0.94,-1,-1,-1
176,6,2.56,376.66,71.82,16.48,0.71,-1,-1,-1
176,1,701.52,357.10,289.90,110.36,0.92,-1,-1,-1
176,2,1435.16,395.27,111.16,64.14,0.89,-1,-1,-1
176,4,417.35,635.25,602.91,184.07,0.40,-1,-1,-1
177,3,459.17,397.10,79.32,17.94,0.85,-1,-1,-1
177,5,1076.07,383.43,370.35,109.45,0.94,-1,-1,-1
177,6,4.29,376.46,69.50,16.55,0.73,-1,-1,-1
177,1,701.56,357.19,290.23,110.64,0.92,-1,-1,-1
177,2,1435.03,395.32,111.72,64.54,0.91,-1,-1,-1
177,4,419.84,634.90,600.24,183.68,0.40,-1,-1,-1
178,3,459.36,396.76,78.39,17.94,0.84,-1,-1,-1
178,5,1075.38,382.50,375.89,109.68,0.94,-1,-1,-1
178,6,5.86,376.43,69.68,16.92,0.65,-1,-1,-1
178,1,701.40,356.42,290.64,111.52,0.92,-1,-1,-1
178,2,1433.67,396.13,113.04,64.51,0.74,-1,-1,-1
178,4,425.09,635.23,595.40,177.15,0.59,-1,-1,-1
179,3,460.32,396.39,77.67,17.86,0.85,-1,-1,-1
179,5,1076.16,383.07,372.07,109.60,0.93,-1,-1,-1
179,6,5.38,375.66,71.43,18.00,0.70,-1,-1,-1
179,1,701.09,358.19,290.87,110.10,0.91,-1,-1,-1
179,2,1434.59,396.82,112.16,63.09,0.90,-1,-1,-1
179,4,426.00,635.65,594.75,171.16,0.64,-1,-1,-1
180,3,460.19,396.92,77.59,17.58,0.85,-1,-1,-1
180,5,1075.89,383.98,370.73,108.86,0.94,-1,-1,-1
180,6,4.63,375.95,70.97,17.33,0.72,-1,-1,-1
180,1,701.45,358.30,291.03,110.12,0.92,-1,-1,-1
180,2,1434.96,396.03,111.49,63.49,0.90,-1,-1,-1
180,4,426.59,635.48,594.10,171.12,0.59,-1,-1,-1
181,3,459.97,397.15,78.57,17.23,0.87,-1,-1,-1
181,5,1076.41,383.03,371.34,110.14,0.94,-1,-1,-1
181,6,10.68,376.96,66.51,17.13,0.69,-1,-1,-1
181,1,702.37,359.35,291.27,108.85,0.91,-1,-1,-1
181,2,1435.22,393.43,110.30,65.78,0.88,-1,-1,-1
181,4,426.70,637.91,594.80,171.95,0.37,-1,-1,-1
182,3,460.19,397.44,80.02,16.93,0.85,-1,-1,-1
182,5,1076.77,382.44,371.25,110.52,0.94,-1,-1,-1
182,6,14.21,376.94,62.12,17.14,0.57,-1,-1,-1
182,1,703.12,360.23,289.78,107.80,0.91,-1,-1,-1
182,2,1436.33,392.24,108.94,66.92,0.90,-1,-1,-1
182,4,428.70,639.48,593.60,170.34,0.44,-1,-1,-1
183,3,459.89,397.84,78.95,17.06,0.89,-1,-1,-1
183,5,1077.03,383.29,375.57,109.50,0.94,-1,-1,-1
183,6,8.41,376.84,67.10,17.29,0.75,-1,-1,-1
183,1,703.76,360.71,290.36,107.31,0.92,-1,-1,-1
183,2,1436.73,393.06,108.65,66.22,0.24,-1,-1,-1
183,4,427.59,637.33,595.03,164.65,0.60,-1,-1,-1
184,3,460.45,397.88,78.16,16.65,0.85,-1,-1,-1
184,5,1076.97,382.95,376.06,110.00,0.94,-1,-1,-1
184,6,16.77,377.00,59.56,17.22,0.60,-1,-1,-1
184,1,704.18,362.00,289.78,106.51,0.93,-1,-1,-1
184,2,1430.72,391.52,115.63,68.98,0.62,-1,-1,-1
184,4,427.56,636.97,595.57,159.54,0.67,-1,-1,-1
185,3,460.25,397.89,77.41,16.86,0.89,-1,-1,-1
185,5,1077.11,382.39,375.59,110.50,0.95,-1,-1,-1
185,6,12.19,376.68,65.26,17.26,0.65,-1,-1,-1
185,1,704.29,360.92,289.87,107.38,0.92,-1,-1,-1
185,2,1434.89,392.92,111.34,67.10,0.84,-1,-1,-1
185,4,424.95,635.62,597.70,162.18,0.56,-1,-1,-1
186,3,460.77,398.07,77.52,16.66,0.88,-1,-1,-1
186,5,1077.77,384.28,373.77,109.12,0.94,-1,-1,-1
186,6,7.92,376.64,69.22,17.98,0.73,-1,-1,-1
186,1,704.60,361.15,290.33,107.75,0.94,-1,-1,-1
186,2,1435.88,393.64,110.84,67.06,0.86,-1,-1,-1
186,4,414.06,634.48,608.87,171.09,0.28,-1,-1,-1
187,3,461.08,397.44,77.77,17.39,0.89,-1,-1,-1
187,5,1078.20,384.93,372.95,108.32,0.91,-1,-1,-1
187,6,12.65,376.53,65.64,17.67,0.74,-1,-1,-1
187,1,705.15,362.01,289.81,107.21,0.94,-1,-1,-1
187,2,1436.86,394.20,109.78,66.83,0.88,-1,-1,-1
187,4,408.69,634.30,613.29,175.16,0.23,-1,-1,-1
188,3,460.58,397.94,78.21,16.87,0.87,-1,-1,-1
188,5,1077.62,385.41,372.09,108.62,0.86,-1,-1,-1
188,6,10.68,376.43,68.64,18.17,0.63,-1,-1,-1
188,1,705.79,361.34,288.91,107.86,0.94,-1,-1,-1
188,2,1435.89,392.57,110.80,68.38,0.88,-1,-1,-1
188,4,415.05,634.04,606.28,174.06,0.46,-1,-1,-1
189,3,461.05,398.01,78.56,16.84,0.88,-1,-1,-1
189,5,1077.67,385.89,370.74,108.62,0.94,-1,-1,-1
189,6,11.86,376.50,68.39,18.51,0.47,-1,-1,-1
189,1,705.82,362.20,289.41,107.23,0.93,-1,-1,-1
189,2,1436.63,392.87,110.36,67.72,0.87,-1,-1,-1
189,4,418.86,634.34,600.57,172.52,0.49,-1,-1,-1
190,3,462.18,398.42,77.47,16.32,0.87,-1,-1,-1
190,5,1078.16,386.61,371.11,108.74,0.73,-1,-1,-1
190,6,12.75,377.60,67.36,17.36,0.77,-1,-1,-1
190,1,705.74,362.93,291.52,106.98,0.94,-1,-1,-1
190,2,1434.56,392.20,113.52,68.92,0.86,-1,-1,-1
190,4,430.64,636.77,589.07,176.55,0.32,-1,-1,-1
191,3,462.87,398.08,76.89,16.54,0.89,-1,-1,-1
191,5,1078.24,388.27,370.54,107.33,0.93,-1,-1,-1
191,6,10.15,378.68,69.26,17.55,0.71,-1,-1,-1
191,1,704.17,362.42,293.29,107.51,0.94,-1,-1,-1
191,2,1436.37,394.73,111.33,65.93,0.87,-1,-1,-1
191,4,434.59,637.50,584.41,177.93,0.36,-1,-1,-1
192,3,462.93,398.30,76.78,16.28,0.89,-1,-1,-1
192,5,1078.47,389.64,371.66,106.02,0.94,-1,-1,-1
192,6,7.21,377.88,71.71,18.62,0.71,-1,-1,-1
192,1,704.04,361.21,292.77,108.95,0.94,-1,-1,-1
192,2,1435.63,396.66,111.92,64.23,0.83,-1,-1,-1
192,4,436.66,637.79,582.83,177.77,0.36,-1,-1,-1
193,3,462.80,398.56,76.65,15.83,0.90,-1,-1,-1
193,5,1079.32,388.50,375.00,107.06,0.91,-1,-1,-1
193,6,9.59,378.28,69.54,18.07,0.67,-1,-1,-1
193,1,705.08,361.46,291.79,108.86,0.93,-1,-1,-1
193,2,1431.38,397.22,118.40,64.25,0.64,-1,-1,-1
194,3,462.92,398.52,76.55,16.08,0.90,-1,-1,-1
194,5,1079.62,388.33,375.93,107.22,0.93,-1,-1,-1
194,6,9.24,378.32,69.22,17.70,0.29,-1,-1,-1
194,1,705.38,362.67,291.13,107.76,0.94,-1,-1,-1
194,2,1428.71,397.56,122.14,63.90,0.75,-1,-1,-1
194,4,432.22,633.87,588.39,192.09,0.21,-1,-1,-1
195,3,463.94,398.77,76.95,16.13,0.91,-1,-1,-1
195,5,1080.18,388.77,374.62,107.36,0.93,-1,-1,-1
195,6,10.86,378.26,70.45,18.90,0.81,-1,-1,-1
195,1,705.76,360.82,290.76,110.10,0.93,-1,-1,-1
195,2,1431.04,398.21,121.22,63.68,0.48,-1,-1,-1
195,4,437.46,635.08,580.93,183.14,0.37,-1,-1,-1
196,3,464.51,399.34,76.22,15.74,0.89,-1,-1,-1
196,5,1079.75,388.09,374.91,108.33,0.92,-1,-1,-1
196,6,9.03,378.10,73.28,19.29,0.70,-1,-1,-1
196,1,706.45,361.47,290.50,109.72,0.93,-1,-1,-1
196,2,1432.22,398.13,119.83,63.95,0.75,-1,-1,-1
197,3,464.32,399.52,77.13,15.58,0.91,-1,-1,-1
197,5,1078.82,387.75,374.94,108.69,0.92,-1,-1,-1
197,6,9.00,377.92,72.43,19.15,0.72,-1,-1,-1
197,1,706.10,361.72,289.78,109.80,0.94,-1,-1,-1
197,2,1433.74,398.97,118.39,63.45,0.64,-1,-1,-1
197,4,434.89,634.83,584.70,186.24,0.21,-1,-1,-1
198,3,464.79,399.61,76.60,15.63,0.92,-1,-1,-1
198,5,1078.33,387.23,379.20,109.42,0.93,-1,-1,-1
198,6,9.51,376.77,72.53,20.17,0.73,-1,-1,-1
198,1,706.67,359.36,290.50,112.50,0.93,-1,-1,-1
198,2,1438.65,400.85,111.48,62.46,0.73,-1,-1,-1
199,3,464.92,399.74,77.37,15.72,0.92,-1,-1,-1
199,5,1078.87,387.85,380.93,108.92,0.93,-1,-1,-1
199,6,9.10,376.45,72.54,20.60,0.74,-1,-1,-1
199,1,706.07,358.68,290.53,113.14,0.93,-1,-1,-1
199,2,1441.17,401.91,108.37,61.88,0.85,-1,-1,-1
200,3,465.72,399.83,76.81,16.02,0.91,-1,-1,-1
200,5,1078.37,386.89,380.40,110.31,0.92,-1,-1,-1
200,6,10.22,377.69,69.00,19.11,0.72,-1,-1,-1
200,1,706.74,358.74,290.50,113.80,0.95,-1,-1,-1
200,2,1443.48,403.08,105.58,61.79,0.89,-1,-1,-1
200,4,449.01,633.15,601.95,200.05,0.23,-1,-1,-1
201,3,464.57,399.86,79.10,16.72,0.88,-1,-1,-1
201,5,1077.54,385.54,378.60,112.01,0.28,-1,-1,-1
201,6,9.66,378.66,68.99,18.12,0.73,-1,-1,-1
201,1,706.86,360.80,291.40,111.90,0.94,-1,-1,-1
201,2,1444.47,402.04,104.32,62.73,0.90,-1,-1,-1
202,3,465.06,400.42,79.06,15.97,0.87,-1,-1,-1
202,5,1077.68,386.51,374.88,112.49,0.44,-1,-1,-1
202,6,12.71,379.19,66.80,17.25,0.81,-1,-1,-1
202,1,706.31,363.36,292.55,109.52,0.95,-1,-1,-1
202,2,1443.86,400.49,105.09,64.79,0.88,-1,-1,-1
202,4,450.82,633.32,583.37,190.39,0.26,-1,-1,-1
203,3,463.23,400.27,80.67,16.50,0.86,-1,-1,-1
203,5,1078.61,384.91,371.34,113.42,0.30,-1,-1,-1
203,6,13.42,379.86,65.81,16.15,0.40,-1,-1,-1
203,1,705.99,364.14,292.79,108.82,0.95,-1,-1,-1
203,2,1444.27,401.28,104.85,64.22,0.89,-1,-1,-1
203,4,450.55,633.03,579.31,188.09,0.23,-1,-1,-1
204,3,463.84,400.62,80.13,16.02,0.86,-1,-1,-1
204,5,1079.22,385.42,369.18,112.84,0.75,-1,-1,-1
204,6,13.54,379.18,64.19,17.08,0.60,-1,-1,-1
204,1,705.96,364.54,292.81,108.64,0.94,-1,-1,-1
204,2,1444.06,400.78,105.12,64.84,0.88,-1,-1,-1
204,4,450.79,633.05,578.21,188.91,0.23,-1,-1,-1
205,3,464.68,401.04,78.88,15.75,0.85,-1,-1,-1
205,5,1078.93,386.50,372.42,113.32,0.92,-1,-1,-1
205,6,14.42,380.09,62.63,16.41,0.81,-1,-1,-1
205,1,706.05,365.32,292.68,108.23,0.94,-1,-1,-1
205,2,1443.24,401.54,106.13,63.83,0.87,-1,-1,-1
205,4,452.38,634.75,575.84,186.12,0.28,-1,-1,-1
206,3,464.83,401.03,78.62,15.48,0.82,-1,-1,-1
206,5,1078.65,387.82,373.53,112.47,0.92,-1,-1,-1
206,6,14.12,378.96,67.47,17.56,0.80,-1,-1,-1
206,1,706.27,365.24,291.76,108.31,0.93,-1,-1,-1
206,2,1443.49,403.48,106.27,61.82,0.88,-1,-1,-1
206,4,452.40,635.85,575.31,184.18,0.25,-1,-1,-1
207,3,464.68,401.30,78.73,15.91,0.84,-1,-1,-1
207,5,1078.48,387.96,376.38,112.81,0.91,-1,-1,-1
207,6,15.09,378.73,64.83,17.98,0.71,-1,-1,-1
207,1,705.87,365.70,293.26,108.22,0.94,-1,-1,-1
207,2,1442.38,401.93,106.91,62.88,0.87,-1,-1,-1
208,3,464.18,401.49,78.55,16.04,0.83,-1,-1,-1
208,5,1078.85,387.18,377.11,113.82,0.92,-1,-1,-1
208,6,13.63,379.15,67.83,17.99,0.80,-1,-1,-1
208,1,705.30,366.17,293.33,107.75,0.95,-1,-1,-1
208,2,1442.37,401.98,107.10,63.03,0.88,-1,-1,-1
209,3,464.58,401.49,77.29,15.88,0.85,-1,-1,-1
209,5,1078.39,386.92,378.31,114.08,0.92,-1,-1,-1
209,6,13.34,378.46,68.48,18.37,0.82,-1,-1,-1
209,1,705.76,365.64,292.73,108.18,0.95,-1,-1,-1
209,2,1441.17,400.15,108.18,64.78,0.83,-1,-1,-1
210,3,465.04,401.76,77.69,15.65,0.86,-1,-1,-1
210,5,1078.87,386.25,378.67,114.70,0.92,-1,-1,-1
210,6,14.16,378.76,69.80,17.68,0.82,-1,-1,-1
210,1,706.55,366.71,292.18,106.85,0.89,-1,-1,-1
210,2,1442.56,402.86,107.24,61.15,0.87,-1,-1,-1
211,3,464.17,402.27,79.56,15.69,0.80,-1,-1,-1
211,5,1079.33,386.35,379.50,114.83,0.92,-1,-1,-1
211,6,15.05,378.32,67.29,18.34,0.71,-1,-1,-1
211,1,705.98,365.55,293.41,108.26,0.95,-1,-1,-1
211,2,1442.74,401.89,107.44,62.76,0.86,-1,-1,-1
211,4,455.78,639.60,600.35,185.26,0.25,-1,-1,-1
212,3,465.29,402.08,78.40,15.52,0.86,-1,-1,-1
212,5,1079.35,386.17,380.71,114.84,0.93,-1,-1,-1
212,6,15.10,378.40,67.16,18.03,0.78,-1,-1,-1
212,1,706.26,364.97,292.37,109.11,0.67,-1,-1,-1
212,2,1441.82,403.16,108.16,61.59,0.86,-1,-1,-1
213,3,465.36,402.09,77.73,15.26,0.86,-1,-1,-1
213,5,1079.28,386.19,379.09,114.81,0.92,-1,-1,-1
213,6,14.63,378.34,68.30,18.16,0.70,-1,-1,-1
213,1,705.97,365.54,292.77,108.60,0.82,-1,-1,-1
213,2,1441.55,402.35,108.14,62.72,0.86,-1,-1,-1
214,3,465.27,402.40,80.23,15.29,0.83,-1,-1,-1
214,5,1079.29,386.68,376.26,114.20,0.95,-1,-1,-1
214,6,15.87,378.71,68.64,18.18,0.77,-1,-1,-1
214,1,706.88,362.38,294.34,112.15,0.91,-1,-1,-1
214,2,1441.89,401.83,107.13,62.70,0.87,-1,-1,-1
215,3,465.95,402.30,79.24,14.99,0.85,-1,-1,-1
215,5,1079.27,387.07,375.76,113.74,0.93,-1,-1,-1
215,6,14.81,378.25,69.05,19.38,0.77,-1,-1,-1
215,1,708.10,360.93,294.25,113.50,0.90,-1,-1,-1
215,2,1442.57,402.50,106.83,62.48,0.88,-1,-1,-1
216,3,465.10,402.21,81.08,15.21,0.85,-1,-1,-1
216,5,1079.54,387.45,377.35,113.49,0.92,-1,-1,-1
216,6,14.59,378.39,70.00,19.69,0.74,-1,-1,-1
216,1,707.80,362.37,294.06,111.94,0.92,-1,-1,-1
216,2,1443.17,402.22,106.54,62.67,0.86,-1,-1,-1
217,3,465.68,402.47,80.51,15.04,0.87,-1,-1,-1
217,5,1079.67,387.58,379.73,113.51,0.93,-1,-1,-1
217,6,16.16,378.09,68.76,19.26,0.70,-1,-1,-1
217,1,707.61,363.65,294.23,110.65,0.58,-1,-1,-1
217,2,1442.86,401.87,106.23,63.17,0.85,-1,-1,-1
218,3,465.68,402.19,79.95,15.27,0.85,-1,-1,-1
218,5,1079.49,386.19,379.92,114.92,0.92,-1,-1,-1
218,6,16.75,378.63,67.90,18.66,0.70,-1,-1,-1
218,1,707.64,364.38,294.31,110.08,0.80,-1,-1,-1
218,2,1443.77,402.48,104.98,62.73,0.85,-1,-1,-1
219,3,467.03,401.88,78.80,15.62,0.85,-1,-1,-1
219,5,1079.67,386.19,390.13,115.02,0.91,-1,-1,-1
219,6,15.67,378.78,69.82,18.43,0.80,-1,-1,-1
219,1,708.59,364.02,294.10,110.42,0.92,-1,-1,-1
219,2,1444.00,403.81,104.54,62.64,0.86,-1,-1,-1
220,3,467.43,402.14,79.41,15.62,0.65,-1,-1,-1
220,5,1079.63,386.68,384.91,114.71,0.94,-1,-1,-1
220,6,15.71,378.73,71.25,18.94,0.68,-1,-1,-1
220,1,707.79,365.38,292.92,109.29,0.86,-1,-1,-1
220,2,1444.69,403.35,103.81,63.15,0.85,-1,-1,-1
221,3,467.28,402.62,78.45,15.07,0.42,-1,-1,-1
221,5,1079.25,386.30,403.36,115.20,0.92,-1,-1,-1
221,6,15.27,379.08,71.55,18.75,0.81,-1,-1,-1
221,1,707.63,365.25,292.84,109.37,0.44,-1,-1,-1
221,2,1445.44,404.04,103.35,62.39,0.80,-1,-1,-1
222,3,468.23,402.42,77.74,15.38,0.93,-1,-1,-1
222,5,1079.67,386.80,394.60,115.02,0.93,-1,-1,-1
222,6,15.78,380.41,69.85,17.45,0.67,-1,-1,-1
222,1,708.26,364.25,291.07,110.10,0.95,-1,-1,-1
222,2,1444.90,403.33,104.74,63.49,0.85,-1,-1,-1
223,3,467.79,402.27,78.69,15.60,0.87,-1,-1,-1
223,5,1079.90,387.11,390.45,114.79,0.93,-1,-1,-1
223,6,14.11,380.42,72.78,17.97,0.78,-1,-1,-1
223,1,708.62,362.46,292.18,111.86,0.92,-1,-1,-1
223,2,1446.09,404.27,103.61,62.75,0.86,-1,-1,-1
224,3,468.37,402.58,77.90,15.83,0.92,-1,-1,-1
224,5,1078.75,386.86,382.07,115.21,0.95,-1,-1,-1
224,6,14.51,380.65,70.50,18.10,0.73,-1,-1,-1
224,1,709.36,363.41,292.51,110.63,0.22,-1,-1,-1
224,2,1445.55,405.02,103.74,62.26,0.90,-1,-1,-1
225,3,468.20,402.54,78.32,16.02,0.90,-1,-1,-1
225,5,1078.79,387.21,381.54,114.70,0.93,-1,-1,-1
225,6,14.82,380.92,70.46,17.95,0.72,-1,-1,-1
225,1,709.78,363.42,292.70,110.84,0.93,-1,-1,-1
225,2,1444.65,405.31,104.16,62.02,0.86,-1,-1,-1
226,3,468.39,402.07,79.00,16.65,0.95,-1,-1,-1
226,5,1079.29,387.37,385.46,114.47,0.93,-1,-1,-1
226,6,14.47,381.57,71.05,17.81,0.79,-1,-1,-1
226,1,709.72,364.10,291.64,110.08,0.46,-1,-1,-1
226,2,1444.55,406.02,104.20,61.07,0.83,-1,-1,-1
227,3,469.60,402.42,77.43,16.28,0.94,-1,-1,-1
227,5,1079.56,388.17,382.25,113.60,0.94,-1,-1,-1
227,6,13.41,381.66,72.29,17.92,0.77,-1,-1,-1
227,1,709.84,364.99,291.59,109.37,0.91,-1,-1,-1
227,2,1443.93,405.53,104.10,61.12,0.83,-1,-1,-1
228,3,469.09,402.97,78.00,16.00,0.91,-1,-1,-1
228,5,1079.51,387.90,383.10,113.94,0.93,-1,-1,-1
228,6,12.50,381.41,73.17,18.05,0.79,-1,-1,-1
228,1,709.22,365.16,291.96,109.33,0.95,-1,-1,-1
228,2,1443.69,404.85,104.32,61.63,0.79,-1,-1,-1
229,3,469.12,402.76,77.90,16.16,0.93,-1,-1,-1
229,5,1079.48,387.69,391.42,114.19,0.93,-1,-1,-1
229,6,12.96,381.68,73.55,18.01,0.80,-1,-1,-1
229,1,709.69,364.24,293.02,110.24,0.91,-1,-1,-1
229,2,1444.38,406.70,102.65,59.88,0.80,-1,-1,-1
230,3,469.46,403.11,77.38,15.63,0.92,-1,-1,-1
230,5,1079.63,388.09,400.53,113.94,0.92,-1,-1,-1
230,6,12.52,381.71,74.55,18.15,0.77,-1,-1,-1
230,1,709.69,364.29,293.23,110.12,0.84,-1,-1,-1
230,2,1445.16,407.03,101.94,59.56,0.74,-1,-1,-1
231,3,469.14,403.41,77.90,16.02,0.93,-1,-1,-1
231,5,1078.35,388.59,395.05,113.68,0.92,-1,-1,-1
231,6,13.82,381.61,74.36,17.90,0.81,-1,-1,-1
231,1,709.57,364.18,292.17,110.91,0.91,-1,-1,-1
231,2,1446.08,406.59,101.03,59.49,0.86,-1,-1,-1
232,3,468.29,403.36,78.71,16.00,0.87,-1,-1,-1
232,5,1077.84,389.57,388.72,112.68,0.92,-1,-1,-1
232,6,14.00,382.05,74.93,17.21,0.81,-1,-1,-1
232,1,709.22,363.00,294.08,111.89,0.89,-1,-1,-1
232,2,1444.57,405.69,101.94,60.13,0.85,-1,-1,-1
233,3,467.51,403.24,79.72,15.96,0.88,-1,-1,-1
233,5,1078.08,389.25,393.32,112.90,0.94,-1,-1,-1
233,6,14.70,382.17,73.20,17.34,0.79,-1,-1,-1
233,1,709.14,363.06,295.18,111.57,0.93,-1,-1,-1
233,2,1444.44,404.94,102.16,60.60,0.83,-1,-1,-1
234,3,468.83,403.13,78.02,16.64,0.94,-1,-1,-1
234,5,1077.44,390.19,386.44,112.07,0.93,-1,-1,-1
234,6,15.22,382.33,69.63,17.26,0.83,-1,-1,-1
234,1,708.52,365.03,293.24,109.81,0.93,-1,-1,-1
234,2,1444.79,405.50,102.19,61.32,0.84,-1,-1,-1
235,3,470.93,402.98,75.16,16.28,0.93,-1,-1,-1
235,5,1078.12,390.63,386.63,111.75,0.93,-1,-1,-1
235,6,15.41,382.14,69.35,17.23,0.78,-1,-1,-1
235,1,708.81,365.33,291.84,109.70,0.94,-1,-1,-1
235,2,1444.76,406.01,103.32,62.10,0.84,-1,-1,-1
236,3,470.95,403.06,75.46,16.38,0.92,-1,-1,-1
236,5,1078.50,389.82,381.33,112.54,0.92,-1,-1,-1
236,6,17.02,382.88,65.42,16.63,0.78,-1,-1,-1
236,1,709.09,365.37,292.12,110.06,0.95,-1,-1,-1
236,2,1444.44,405.59,103.46,64.20,0.56,-1,-1,-1
237,3,470.81,403.37,75.45,16.16,0.92,-1,-1,-1
237,5,1078.82,391.42,378.96,111.06,0.93,-1,-1,-1
237,6,16.15,382.38,67.57,17.24,0.82,-1,-1,-1
237,1,709.12,365.90,292.87,109.38,0.35,-1,-1,-1
237,2,1444.69,405.88,102.26,64.26,0.89,-1,-1,-1
238,3,469.61,403.48,76.06,16.38,0.94,-1,-1,-1
238,5,1079.48,392.34,374.47,110.21,0.93,-1,-1,-1
238,6,17.65,383.41,64.55,16.40,0.79,-1,-1,-1
238,1,709.12,365.09,293.91,110.40,0.84,-1,-1,-1
238,2,1445.67,406.75,100.38,64.12,0.86,-1,-1,-1
239,3,469.19,403.74,76.37,16.36,0.93,-1,-1,-1
239,5,1079.37,392.55,370.50,110.14,0.93,-1,-1,-1
239,6,18.18,383.41,64.45,16.24,0.79,-1,-1,-1
239,1,709.01,365.56,294.23,110.04,0.93,-1,-1,-1
239,2,1445.71,405.30,99.61,65.88,0.87,-1,-1,-1
240,3,468.16,403.82,77.53,16.27,0.75,-1,-1,-1
240,5,1079.54,391.53,369.48,111.07,0.92,-1,-1,-1
240,6,17.87,383.54,66.27,16.25,0.80,-1,-1,-1
240,1,708.60,364.77,294.21,110.98,0.87,-1,-1,-1
240,2,1445.15,405.56,99.94,66.12,0.84,-1,-1,-1
241,3,467.58,403.70,78.41,16.99,0.88,-1,-1,-1
241,5,1079.64,390.86,388.16,111.87,0.93,-1,-1,-1
241,6,17.37,382.67,67.32,16.94,0.77,-1,-1,-1
241,1,708.54,365.61,295.15,110.60,0.92,-1,-1,-1
241,2,1445.21,406.20,100.06,65.72,0.70,-1,-1,-1
242,3,467.96,403.37,78.10,17.21,0.92,-1,-1,-1
242,5,1079.93,391.15,382.10,111.67,0.94,-1,-1,-1
242,6,16.95,382.54,66.79,16.79,0.78,-1,-1,-1
242,1,708.32,365.80,295.76,110.41,0.89,-1,-1,-1
242,2,1444.87,406.37,100.27,65.75,0.82,-1,-1,-1
243,3,468.04,403.02,78.33,17.81,0.67,-1,-1,-1
243,5,1079.26,392.18,373.42,111.06,0.93,-1,-1,-1
243,6,16.41,382.53,68.14,17.14,0.79,-1,-1,-1
243,1,708.95,365.59,295.18,110.96,0.90,-1,-1,-1
243,2,1444.94,405.36,100.58,66.65,0.86,-1,-1,-1
244,3,467.21,403.74,79.12,17.04,0.63,-1,-1,-1
244,5,1079.55,392.61,368.56,110.75,0.95,-1,-1,-1
244,6,14.59,382.37,66.71,17.15,0.81,-1,-1,-1
244,1,709.15,365.07,296.34,111.48,0.90,-1,-1,-1
244,2,1444.63,404.86,100.69,67.35,0.85,-1,-1,-1
245,3,467.94,404.58,78.37,16.89,0.92,-1,-1,-1
245,5,1078.90,391.44,369.90,111.92,0.93,-1,-1,-1
245,6,16.05,382.65,66.47,17.28,0.79,-1,-1,-1
245,1,708.91,365.15,297.74,111.59,0.90,-1,-1,-1
245,2,1445.36,406.44,99.84,65.09,0.84,-1,-1,-1
246,3,467.99,404.35,78.16,16.59,0.86,-1,-1,-1
246,5,1078.49,391.70,370.37,111.88,0.95,-1,-1,-1
246,6,16.00,382.47,67.55,17.28,0.79,-1,-1,-1
246,1,709.64,364.89,297.44,111.77,0.89,-1,-1,-1
246,2,1444.43,407.20,101.71,65.37,0.86,-1,-1,-1
247,3,468.50,404.07,77.38,17.31,0.94,-1,-1,-1
247,5,1077.87,391.20,370.09,112.45,0.95,-1,-1,-1
247,6,14.80,381.98,68.52,17.42,0.80,-1,-1,-1
247,1,709.38,365.83,298.03,110.80,0.90,-1,-1,-1
247,2,1443.96,407.55,102.72,64.83,0.86,-1,-1,-1
248,3,467.67,404.41,79.32,17.46,0.75,-1,-1,-1
248,5,1078.92,390.60,395.57,113.33,0.93,-1,-1,-1
248,6,16.40,382.33,70.04,17.52,0.80,-1,-1,-1
248,1,709.55,367.26,296.92,109.29,0.90,-1,-1,-1
248,2,1440.70,408.22,106.01,64.05,0.22,-1,-1,-1
249,3,468.92,404.33,78.65,18.18,0.92,-1,-1,-1
249,5,1078.90,389.55,404.94,114.48,0.92,-1,-1,-1
249,6,17.30,381.87,69.13,17.66,0.81,-1,-1,-1
249,1,709.85,366.93,296.66,109.96,0.90,-1,-1,-1
249,2,1437.63,408.36,109.07,65.32,0.34,-1,-1,-1
250,3,469.87,403.75,77.35,18.42,0.93,-1,-1,-1
250,5,1078.26,390.34,386.73,113.58,0.93,-1,-1,-1
250,6,17.34,382.62,69.64,17.71,0.80,-1,-1,-1
250,1,710.29,367.22,295.86,109.85,0.92,-1,-1,-1
250,2,1441.29,408.82,103.80,62.66,0.89,-1,-1,-1
251,3,469.70,404.19,77.91,18.02,0.79,-1,-1,-1
251,5,1079.01,386.55,396.90,117.31,0.92,-1,-1,-1
251,6,16.77,381.93,69.07,18.14,0.78,-1,-1,-1
251,1,710.64,368.50,294.23,108.45,0.91,-1,-1,-1
251,2,1442.26,400.55,103.68,69.95,0.77,-1,-1,-1
252,3,470.18,404.63,77.96,17.99,0.91,-1,-1,-1
252,5,1079.02,388.26,384.25,115.78,0.95,-1,-1,-1
252,6,17.85,382.51,65.78,17.78,0.80,-1,-1,-1
252,1,711.30,367.83,293.76,109.25,0.92,-1,-1,-1
252,2,1442.44,405.22,102.43,65.19,0.27,-1,-1,-1
253,3,470.90,403.97,77.01,18.45,0.92,-1,-1,-1
253,5,1078.77,389.95,384.00,114.13,0.92,-1,-1,-1
253,6,18.73,382.80,66.79,17.96,0.79,-1,-1,-1
253,1,710.36,367.46,294.36,109.97,0.92,-1,-1,-1
253,2,1440.99,407.51,102.85,64.90,0.79,-1,-1,-1
254,3,470.46,404.24,78.18,18.55,0.91,-1,-1,-1
254,5,1078.69,389.91,386.59,114.05,0.92,-1,-1,-1
254,6,19.20,383.30,66.85,17.71,0.77,-1,-1,-1
254,1,710.04,368.87,293.60,108.60,0.80,-1,-1,-1
254,2,1440.41,408.20,102.96,64.29,0.77,-1,-1,-1
255,3,469.88,404.28,79.09,19.23,0.92,-1,-1,-1
255,5,1078.53,390.24,374.31,113.64,0.65,-1,-1,-1
255,6,19.70,384.36,65.46,17.40,0.80,-1,-1,-1
255,1,710.27,369.24,291.17,108.62,0.61,-1,-1,-1
255,2,1439.11,407.83,104.73,66.47,0.84,-1,-1,-1
256,3,470.28,404.25,78.42,18.95,0.92,-1,-1,-1
256,5,1078.70,391.40,372.72,112.73,0.94,-1,-1,-1
256,6,19.64,384.36,67.02,17.15,0.78,-1,-1,-1
256,1,710.66,369.54,291.67,108.26,0.93,-1,-1,-1
256,2,1438.11,408.19,105.83,66.81,0.78,-1,-1,-1
257,3,470.03,404.30,79.44,18.58,0.92,-1,-1,-1
257,5,1079.04,391.04,371.71,113.17,0.91,-1,-1,-1
257,6,18.96,383.42,67.74,18.33,0.76,-1,-1,-1
257,1,710.32,371.35,292.31,106.55,0.36,-1,-1,-1
257,2,1437.90,408.14,105.54,66.93,0.83,-1,-1,-1
258,3,470.23,404.51,78.39,18.37,0.92,-1,-1,-1
258,5,1079.13,390.90,364.01,113.02,0.87,-1,-1,-1
258,6,18.74,383.88,71.05,18.17,0.80,-1,-1,-1
258,1,710.36,368.57,292.42,109.65,0.91,-1,-1,-1
258,2,1439.27,407.35,104.08,67.55,0.89,-1,-1,-1
259,3,471.81,404.68,76.32,18.47,0.91,-1,-1,-1
259,5,1079.03,390.01,364.62,114.14,0.73,-1,-1,-1
259,6,18.55,384.80,69.67,18.01,0.79,-1,-1,-1
259,1,710.10,368.30,290.51,110.04,0.92,-1,-1,-1
259,2,1439.67,407.70,104.22,67.49,0.88,-1,-1,-1
260,3,470.57,405.10,77.22,18.15,0.92,-1,-1,-1
260,5,1077.90,392.33,362.15,111.91,0.92,-1,-1,-1
260,6,18.30,385.04,70.42,18.10,0.81,-1,-1,-1
260,1,709.45,368.29,291.92,109.89,0.91,-1,-1,-1
260,2,1438.88,409.04,105.01,66.12,0.90,-1,-1,-1
261,3,469.79,405.15,78.41,18.04,0.91,-1,-1,-1
261,5,1077.56,392.18,361.21,111.92,0.92,-1,-1,-1
261,6,17.04,385.13,72.47,18.09,0.77,-1,-1,-1
261,1,709.14,370.22,290.58,107.88,0.90,-1,-1,-1
261,2,1438.11,407.32,104.95,67.86,0.90,-1,-1,-1
262,3,469.52,405.48,78.76,17.54,0.90,-1,-1,-1
262,5,1076.56,391.98,362.42,112.23,0.93,-1,-1,-1
262,6,17.85,384.52,71.89,18.32,0.82,-1,-1,-1
262,1,708.76,369.65,290.06,108.25,0.84,-1,-1,-1
262,2,1438.46,408.48,105.31,65.98,0.89,-1,-1,-1
263,3,469.24,405.51,78.40,17.78,0.92,-1,-1,-1
263,5,1076.19,391.82,361.94,112.34,0.93,-1,-1,-1
263,6,18.60,384.95,72.10,17.99,0.81,-1,-1,-1
263,1,708.98,369.29,290.97,108.84,0.91,-1,-1,-1
263,2,1438.29,408.99,105.83,65.36,0.89,-1,-1,-1
264,3,468.91,405.48,78.00,17.55,0.91,-1,-1,-1
264,5,1075.82,391.56,361.18,112.60,0.93,-1,-1,-1
264,6,17.53,384.40,73.73,18.05,0.78,-1,-1,-1
264,1,709.23,370.88,291.05,107.28,0.89,-1,-1,-1
264,2,1438.06,407.68,105.97,66.36,0.90,-1,-1,-1
265,3,468.93,405.67,78.09,17.61,0.91,-1,-1,-1
265,5,1075.43,391.45,361.11,112.96,0.93,-1,-1,-1
265,6,17.88,384.34,70.79,18.34,0.83,-1,-1,-1
265,1,708.59,369.73,292.43,108.66,0.91,-1,-1,-1
265,2,1438.26,409.35,105.53,64.70,0.90,-1,-1,-1
266,3,467.59,406.15,80.03,17.85,0.88,-1,-1,-1
266,5,1075.07,390.74,361.34,113.62,0.94,-1,-1,-1
266,6,18.76,385.24,67.81,18.13,0.83,-1,-1,-1
266,1,708.03,369.76,291.82,108.93,0.21,-1,-1,-1
266,2,1438.17,409.80,105.72,64.35,0.91,-1,-1,-1
266,28,463.66,648.84,641.58,229.53,0.45,-1,-1,-1
267,3,467.29,406.47,79.58,17.02,0.81,-1,-1,-1
267,5,1075.10,392.03,361.62,112.38,0.93,-1,-1,-1
267,6,19.19,385.65,67.83,18.08,0.84,-1,-1,-1
267,1,707.49,369.18,291.73,109.76,0.89,-1,-1,-1
267,2,1438.85,409.53,104.41,65.37,0.89,-1,-1,-1
267,28,452.93,647.54,644.39,235.31,0.35,-1,-1,-1
268,3,467.65,405.80,79.44,17.63,0.93,-1,-1,-1
268,5,1074.43,391.77,361.00,112.55,0.94,-1,-1,-1
268,6,17.99,385.45,68.47,17.85,0.83,-1,-1,-1
268,1,707.51,368.31,291.85,110.28,0.73,-1,-1,-1
268,2,1439.29,409.72,103.88,65.41,0.40,-1,-1,-1
268,28,451.54,647.43,643.47,237.23,0.43,-1,-1,-1
269,3,467.70,406.04,79.69,17.40,0.91,-1,-1,-1
269,5,1074.40,391.99,361.87,112.46,0.93,-1,-1,-1
269,6,18.39,385.71,66.49,17.90,0.83,-1,-1,-1
269,1,708.01,369.67,291.49,108.87,0.76,-1,-1,-1
269,2,1438.49,409.43,104.42,65.99,0.91,-1,-1,-1
269,28,451.05,647.60,643.74,237.97,0.47,-1,-1,-1
270,3,467.48,405.85,79.98,17.61,0.86,-1,-1,-1
270,5,1074.12,391.81,365.11,112.77,0.93,-1,-1,-1
270,6,18.95,386.14,67.39,17.58,0.84,-1,-1,-1
270,1,706.94,369.96,291.09,108.83,0.78,-1,-1,-1
270,2,1438.61,408.26,104.02,67.72,0.90,-1,-1,-1
270,28,456.75,649.65,644.35,231.68,0.52,-1,-1,-1
271,3,468.30,405.61,78.87,17.47,0.73,-1,-1,-1
271,5,1073.83,393.63,365.67,111.23,0.93,-1,-1,-1
271,6,18.57,385.62,67.00,17.70,0.83,-1,-1,-1
271,1,707.92,369.32,292.54,109.28,0.63,-1,-1,-1
271,2,1439.09,408.63,103.61,67.43,0.91,-1,-1,-1
271,28,460.81,650.59,641.89,227.38,0.55,-1,-1,-1
272,3,468.26,405.69,79.54,17.92,0.90,-1,-1,-1
272,5,1073.34,394.95,364.10,110.14,0.93,-1,-1,-1
272,6,18.31,385.92,67.36,17.55,0.83,-1,-1,-1
272,1,708.17,369.59,289.48,109.26,0.93,-1,-1,-1
272,2,1438.28,409.45,104.16,66.46,0.92,-1,-1,-1
272,28,464.21,650.53,636.68,223.98,0.61,-1,-1,-1
273,3,468.43,406.61,79.67,17.00,0.32,-1,-1,-1
273,5,1072.98,394.21,364.99,110.86,0.93,-1,-1,-1
273,6,17.14,385.69,67.55,17.51,0.83,-1,-1,-1
273,1,708.36,370.48,287.50,108.55,0.92,-1,-1,-1
273,2,1438.02,409.65,104.44,66.42,0.90,-1,-1,-1
273,28,461.93,650.21,639.17,225.41,0.59,-1,-1,-1
274,3,468.67,406.31,78.75,17.01,0.91,-1,-1,-1
274,5,1071.36,392.78,361.05,112.53,0.94,-1,-1,-1
274,6,16.95,385.80,66.98,17.17,0.84,-1,-1,-1
274,1,708.04,370.76,285.19,108.30,0.91,-1,-1,-1
274,2,1436.71,410.76,105.42,65.49,0.91,-1,-1,-1
274,28,469.33,649.91,637.30,222.18,0.56,-1,-1,-1
275,3,467.28,406.43,79.61,17.68,0.85,-1,-1,-1
275,5,1071.40,392.15,359.05,113.09,0.94,-1,-1,-1
275,6,17.12,386.40,67.96,17.43,0.85,-1,-1,-1
275,1,708.02,370.41,285.61,108.62,0.93,-1,-1,-1
275,2,1436.40,409.94,105.35,66.28,0.91,-1,-1,-1
275,28,471.74,650.49,636.20,219.51,0.62,-1,-1,-1
276,3,467.43,406.36,79.63,16.89,0.82,-1,-1,-1
276,5,1071.57,390.59,357.54,114.60,0.93,-1,-1,-1
276,6,16.89,385.86,70.56,17.62,0.85,-1,-1,-1
276,1,708.02,370.62,283.95,108.39,0.92,-1,-1,-1
276,2,1436.18,409.37,105.50,66.75,0.91,-1,-1,-1
276,28,471.32,650.06,637.39,221.80,0.59,-1,-1,-1
277,3,466.87,406.86,80.00,16.86,0.82,-1,-1,-1
277,5,1071.00,392.43,357.30,113.34,0.93,-1,-1,-1
277,6,18.11,386.76,68.07,16.90,0.86,-1,-1,-1
277,1,707.98,372.64,283.32,106.16,0.65,-1,-1,-1
277,2,1435.90,410.89,104.94,65.20,0.90,-1,-1,-1
277,28,462.13,649.38,644.89,227.95,0.48,-1,-1,-1
278,3,467.68,406.70,77.93,16.74,0.34,-1,-1,-1
278,5,1070.43,393.82,357.78,112.08,0.93,-1,-1,-1
278,6,18.38,386.91,68.52,16.95,0.85,-1,-1,-1
278,1,707.88,371.77,283.25,107.14,0.92,-1,-1,-1
278,2,1436.23,411.02,105.09,65.16,0.91,-1,-1,-1
278,28,459.31,649.03,647.02,230.38,0.43,-1,-1,-1
279,3,467.81,406.56,77.07,17.04,0.89,-1,-1,-1
279,5,1071.00,393.43,357.11,112.23,0.93,-1,-1,-1
279,6,18.67,387.19,67.18,15.99,0.82,-1,-1,-1
279,1,707.55,371.70,283.58,107.50,0.89,-1,-1,-1
279,2,1436.23,411.68,104.91,64.98,0.91,-1,-1,-1
280,3,468.14,406.83,75.81,16.78,0.86,-1,-1,-1
280,5,1070.55,392.90,358.30,112.55,0.93,-1,-1,-1
280,6,17.50,387.09,68.31,16.39,0.84,-1,-1,-1
280,1,707.71,371.57,283.81,107.83,0.91,-1,-1,-1
280,2,1436.42,412.64,104.70,64.51,0.91,-1,-1,-1
281,3,467.37,406.43,77.75,17.63,0.88,-1,-1,-1
281,5,1070.32,391.80,359.60,113.56,0.93,-1,-1,-1
281,6,17.94,386.64,68.29,17.16,0.83,-1,-1,-1
281,1,707.02,372.05,285.32,107.39,0.60,-1,-1,-1
281,2,1436.57,411.55,104.62,65.37,0.92,-1,-1,-1
281,28,461.48,646.50,645.92,234.90,0.21,-1,-1,-1
282,3,467.22,406.74,78.47,17.61,0.88,-1,-1,-1
282,5,1071.33,391.28,358.07,114.23,0.92,-1,-1,-1
282,6,18.30,386.28,65.49,16.58,0.77,-1,-1,-1
282,1,706.93,371.67,284.13,107.81,0.85,-1,-1,-1
282,2,1435.97,412.01,104.92,65.56,0.91,-1,-1,-1
282,28,455.09,646.18,653.22,239.45,0.39,-1,-1,-1
283,3,467.65,406.83,78.14,17.80,0.89,-1,-1,-1
283,5,1071.57,393.79,357.68,112.02,0.92,-1,-1,-1
283,6,17.96,386.04,65.19,16.85,0.79,-1,-1,-1
283,1,706.68,371.84,284.19,107.94,0.80,-1,-1,-1
283,2,1435.79,412.71,104.96,65.41,0.90,-1,-1,-1
283,28,455.79,646.41,653.39,240.41,0.42,-1,-1,-1
284,3,467.08,407.10,78.83,17.38,0.90,-1,-1,-1
284,5,1072.09,395.19,354.44,110.73,0.92,-1,-1,-1
284,6,18.34,385.99,64.12,16.68,0.74,-1,-1,-1
284,1,705.96,372.24,284.79,107.65,0.94,-1,-1,-1
284,2,1434.84,413.00,105.43,64.89,0.90,-1,-1,-1
284,28,461.96,646.51,647.95,234.88,0.36,-1,-1,-1
285,3,468.85,406.95,77.02,17.52,0.65,-1,-1,-1
285,5,1071.84,394.92,355.50,111.14,0.92,-1,-1,-1
285,6,18.88,386.17,63.18,16.68,0.67,-1,-1,-1
285,1,705.40,372.98,286.29,106.93,0.94,-1,-1,-1
285,2,1434.66,412.52,105.77,65.30,0.90,-1,-1,-1
285,28,462.83,646.92,647.59,233.11,0.29,-1,-1,-1
286,3,468.42,407.04,77.41,18.15,0.94,-1,-1,-1
286,5,1069.64,394.70,359.74,111.80,0.93,-1,-1,-1
286,6,17.52,386.14,65.08,17.21,0.69,-1,-1,-1
286,1,706.00,373.69,285.00,106.49,0.94,-1,-1,-1
286,2,1435.34,414.22,103.68,63.62,0.89,-1,-1,-1
286,28,459.19,648.10,652.56,232.14,0.29,-1,-1,-1
287,3,467.52,407.68,77.68,17.32,0.87,-1,-1,-1
287,5,1068.56,393.72,361.16,112.80,0.93,-1,-1,-1
287,6,19.49,386.57,63.33,16.98,0.73,-1,-1,-1
287,1,705.22,373.43,285.44,106.92,0.95,-1,-1,-1
287,2,1435.24,414.49,103.20,63.15,0.89,-1,-1,-1
287,28,456.45,648.34,655.09,232.61,0.30,-1,-1,-1
288,3,467.39,407.41,78.04,17.53,0.65,-1,-1,-1
288,5,1068.22,392.42,362.01,114.04,0.94,-1,-1,-1
288,6,18.59,386.99,65.25,16.66,0.69,-1,-1,-1
288,1,705.30,373.57,285.70,106.82,0.94,-1,-1,-1
288,2,1435.08,414.13,103.30,63.67,0.89,-1,-1,-1
288,28,454.78,648.26,657.02,233.11,0.22,-1,-1,-1
289,3,468.41,407.68,77.39,17.72,0.93,-1,-1,-1
289,5,1068.77,394.81,360.49,111.75,0.93,-1,-1,-1
289,6,19.18,386.46,63.89,16.85,0.69,-1,-1,-1
289,1,705.56,374.78,285.71,105.67,0.93,-1,-1,-1
289,2,1435.35,412.66,103.33,64.80,0.89,-1,-1,-1
290,3,468.54,408.05,77.56,17.38,0.91,-1,-1,-1
290,5,1069.15,394.04,359.75,112.38,0.93,-1,-1,-1
290,6,19.97,386.26,61.56,17.02,0.62,-1,-1,-1
290,1,705.42,374.26,290.18,106.09,0.94,-1,-1,-1
290,2,1436.15,411.75,101.98,65.48,0.89,-1,-1,-1
290,28,464.11,647.02,652.44,232.40,0.25,-1,-1,-1
291,3,468.82,407.85,77.07,18.14,0.83,-1,-1,-1
291,5,1068.90,394.09,359.63,112.36,0.93,-1,-1,-1
291,6,18.01,385.96,61.75,17.53,0.44,-1,-1,-1
291,1,704.94,374.28,287.25,106.29,0.94,-1,-1,-1
291,2,1437.13,414.40,101.00,63.28,0.89,-1,-1,-1
292,3,469.35,407.20,77.09,18.94,0.92,-1,-1,-1
292,5,1068.99,391.68,358.18,114.63,0.93,-1,-1,-1
292,6,18.12,386.26,65.42,17.74,0.81,-1,-1,-1
292,1,704.85,374.60,286.29,106.12,0.94,-1,-1,-1
292,2,1437.54,413.60,100.09,64.03,0.90,-1,-1,-1
293,3,469.05,407.78,76.69,18.27,0.76,-1,-1,-1
293,5,1068.80,392.98,357.79,113.55,0.93,-1,-1,-1
293,6,18.17,386.68,65.98,17.19,0.85,-1,-1,-1
293,1,705.30,374.43,285.21,106.26,0.93,-1,-1,-1
293,2,1436.96,413.66,100.46,64.03,0.90,-1,-1,-1
294,3,469.03,408.22,76.56,18.15,0.93,-1,-1,-1
294,5,1067.95,394.40,359.60,112.56,0.93,-1,-1,-1
294,6,17.64,386.16,68.85,18.44,0.84,-1,-1,-1
294,1,704.99,374.59,284.84,106.40,0.93,-1,-1,-1
294,2,1437.45,412.11,99.21,65.75,0.90,-1,-1,-1
295,3,469.62,408.51,76.08,18.05,0.90,-1,-1,-1
295,5,1067.66,394.10,358.84,112.99,0.93,-1,-1,-1
295,6,17.68,386.15,67.27,17.85,0.82,-1,-1,-1
295,1,703.99,374.58,284.60,106.54,0.93,-1,-1,-1
295,2,1437.35,412.56,98.84,65.32,0.89,-1,-1,-1
295,28,450.66,650.45,658.68,223.26,0.26,-1,-1,-1
296,3,469.04,408.29,76.44,18.33,0.93,-1,-1,-1
296,5,1066.78,395.03,359.97,112.27,0.92,-1,-1,-1
296,6,17.22,386.95,68.67,17.97,0.81,-1,-1,-1
296,1,704.85,374.06,283.21,107.49,0.93,-1,-1,-1
296,2,1436.19,413.16,100.33,64.62,0.90,-1,-1,-1
297,3,469.15,409.00,76.76,17.41,0.90,-1,-1,-1
297,5,1066.79,395.88,361.32,111.47,0.93,-1,-1,-1
297,6,17.28,387.50,70.84,18.21,0.82,-1,-1,-1
297,1,703.80,373.72,283.31,107.70,0.94,-1,-1,-1
297,2,1435.68,413.96,100.70,63.61,0.89,-1,-1,-1
298,3,468.67,409.31,76.37,16.64,0.72,-1,-1,-1
298,5,1064.78,395.74,362.26,111.72,0.93,-1,-1,-1
298,6,16.24,387.46,71.51,18.00,0.76,-1,-1,-1
298,1,703.81,373.58,284.18,108.03,0.94,-1,-1,-1
298,2,1435.40,414.63,101.51,63.39,0.90,-1,-1,-1
299,3,469.16,409.16,75.57,17.18,0.91,-1,-1,-1
299,5,1064.44,396.17,362.40,111.62,0.93,-1,-1,-1
299,6,16.93,387.58,70.53,18.31,0.83,-1,-1,-1
299,1,704.22,373.47,284.07,108.25,0.93,-1,-1,-1
299,2,1435.31,415.60,101.25,62.59,0.90,-1,-1,-1
299,28,455.84,651.41,663.65,217.11,0.30,-1,-1,-1
300,3,469.02,408.99,76.03,17.48,0.89,-1,-1,-1
300,5,1064.01,394.87,363.55,112.84,0.93,-1,-1,-1
300,6,16.68,387.14,70.42,18.93,0.81,-1,-1,-1
300,1,703.97,372.53,284.15,108.80,0.53,-1,-1,-1
300,2,1435.30,413.85,100.88,64.15,0.90,-1,-1,-1
301,3,466.20,409.60,78.10,17.23,0.86,-1,-1,-1
301,5,1063.57,394.82,362.99,113.91,0.94,-1,-1,-1
301,6,17.20,387.59,71.83,18.31,0.79,-1,-1,-1
301,1,703.57,373.41,285.11,108.40,0.93,-1,-1,-1
301,2,1434.22,412.49,101.68,65.98,0.90,-1,-1,-1
302,3,467.04,409.93,77.11,17.06,0.58,-1,-1,-1
302,5,1063.07,395.12,362.46,113.92,0.93,-1,-1,-1
302,6,16.87,386.37,71.22,19.54,0.85,-1,-1,-1
302,1,703.04,374.10,285.82,107.99,0.93,-1,-1,-1
302,2,1434.11,413.27,101.77,65.71,0.91,-1,-1,-1
302,28,453.00,650.21,663.32,226.93,0.23,-1,-1,-1
303,3,466.50,410.31,72.78,16.38,0.84,-1,-1,-1
303,5,1062.70,396.07,360.76,113.27,0.94,-1,-1,-1
303,6,17.59,387.16,68.85,19.18,0.49,-1,-1,-1
303,1,703.54,374.27,285.68,107.87,0.93,-1,-1,-1
303,2,1433.05,413.06,102.86,66.05,0.91,-1,-1,-1
303,28,459.06,652.33,658.06,218.77,0.31,-1,-1,-1
304,3,465.99,410.08,76.08,16.56,0.85,-1,-1,-1
304,5,1063.07,396.45,359.30,113.10,0.94,-1,-1,-1
304,6,18.81,387.17,67.72,19.10,0.82,-1,-1,-1
304,1,703.97,373.61,285.77,108.42,0.93,-1,-1,-1
304,2,1432.00,413.24,103.99,66.20,0.91,-1,-1,-1
304,28,462.25,653.60,654.25,214.51,0.45,-1,-1,-1
305,3,466.21,410.16,76.69,16.60,0.80,-1,-1,-1
305,5,1062.82,394.94,360.48,114.53,0.94,-1,-1,-1
305,6,18.79,387.27,67.52,18.50,0.84,-1,-1,-1
305,1,704.02,374.53,286.39,107.75,0.93,-1,-1,-1
305,2,1431.33,412.34,104.71,66.99,0.91,-1,-1,-1
305,28,465.84,653.66,649.87,212.45,0.39,-1,-1,-1
306,3,466.05,410.13,76.12,16.90,0.82,-1,-1,-1
306,5,1062.68,395.56,361.32,114.40,0.93,-1,-1,-1
306,6,18.00,388.03,68.58,19.23,0.81,-1,-1,-1
306,1,702.69,373.44,286.84,108.85,0.94,-1,-1,-1
306,2,1431.94,414.59,103.93,64.99,0.90,-1,-1,-1
306,28,455.58,652.77,660.12,218.42,0.32,-1,-1,-1
307,3,465.72,410.35,77.42,17.47,0.81,-1,-1,-1
307,5,1062.65,395.36,360.95,114.74,0.94,-1,-1,-1
307,6,18.60,387.53,64.00,18.65,0.77,-1,-1,-1
307,1,703.44,373.92,286.16,108.30,0.92,-1,-1,-1
307,2,1430.61,413.40,104.99,65.86,0.90,-1,-1,-1
307,28,454.19,652.90,661.07,219.36,0.33,-1,-1,-1
308,3,464.15,409.89,78.07,17.27,0.84,-1,-1,-1
308,5,1062.10,397.84,360.89,112.23,0.93,-1,-1,-1
308,6,17.99,387.78,65.25,18.26,0.39,-1,-1,-1
308,1,702.66,373.94,286.40,108.04,0.93,-1,-1,-1
308,2,1430.77,413.96,105.07,65.09,0.91,-1,-1,-1
309,3,464.18,409.95,78.01,16.66,0.79,-1,-1,-1
309,5,1061.72,397.71,361.42,112.53,0.94,-1,-1,-1
309,6,17.56,387.61,66.99,18.60,0.51,-1,-1,-1
309,1,702.23,375.14,286.47,106.98,0.93,-1,-1,-1
309,2,1431.61,414.93,103.85,64.35,0.90,-1,-1,-1
309,34,16.20,388.12,69.35,19.59,0.64,-1,-1,-1
310,3,466.16,410.10,75.94,16.75,0.86,-1,-1,-1
310,5,1061.03,397.64,360.96,112.57,0.93,-1,-1,-1
310,6,17.87,387.56,66.77,18.59,0.67,-1,-1,-1
310,1,701.75,375.16,286.65,106.93,0.93,-1,-1,-1
310,2,1431.08,415.31,103.44,63.80,0.90,-1,-1,-1
310,34,16.41,387.94,69.02,19.66,0.43,-1,-1,-1
310,28,463.31,653.67,653.44,218.03,0.49,-1,-1,-1
311,3,467.56,410.24,75.20,16.39,0.83,-1,-1,-1
311,5,1060.93,397.43,360.38,112.66,0.93,-1,-1,-1
311,6,18.24,387.16,66.77,19.32,0.58,-1,-1,-1
311,1,702.75,375.11,285.69,106.91,0.93,-1,-1,-1
311,2,1431.85,415.75,101.84,63.40,0.90,-1,-1,-1
311,34,16.58,387.42,69.33,20.44,0.56,-1,-1,-1
311,28,466.85,654.40,650.55,215.15,0.55,-1,-1,-1
312,3,466.65,409.89,75.61,16.76,0.88,-1,-1,-1
312,5,1061.35,396.53,359.44,113.66,0.93,-1,-1,-1
312,1,703.39,376.06,284.64,105.93,0.93,-1,-1,-1
312,2,1431.50,415.75,102.22,63.06,0.91,-1,-1,-1
312,28,465.25,654.50,652.46,217.42,0.46,-1,-1,-1
313,3,466.60,409.90,74.84,16.55,0.87,-1,-1,-1
313,5,1060.60,396.44,358.60,113.91,0.93,-1,-1,-1
313,1,703.10,374.98,284.38,107.12,0.93,-1,-1,-1
313,2,1430.11,415.22,103.40,63.64,0.90,-1,-1,-1
313,6,16.00,387.33,70.80,18.97,0.53,-1,-1,-1
314,3,467.01,409.90,74.99,16.65,0.86,-1,-1,-1
314,5,1060.93,397.28,359.29,113.08,0.93,-1,-1,-1
314,1,702.35,374.68,284.92,107.48,0.93,-1,-1,-1
314,2,1430.15,415.45,103.13,63.28,0.89,-1,-1,-1
314,35,14.90,387.62,70.37,19.77,0.33,-1,-1,-1
314,6,15.68,387.09,69.69,19.10,0.72,-1,-1,-1
315,3,466.62,410.09,74.91,16.34,0.88,-1,-1,-1
315,5,1060.61,396.39,361.40,113.64,0.93,-1,-1,-1
315,1,702.95,375.42,284.14,106.92,0.94,-1,-1,-1
315,2,1429.95,415.71,102.12,62.82,0.86,-1,-1,-1
316,3,466.28,410.22,75.53,15.94,0.87,-1,-1,-1
316,5,1060.37,395.94,359.81,113.84,0.93,-1,-1,-1
316,1,703.09,375.99,284.00,106.25,0.93,-1,-1,-1
316,2,1428.97,415.71,102.68,62.46,0.88,-1,-1,-1
316,28,458.28,653.36,668.61,217.10,0.21,-1,-1,-1
316,6,15.80,386.59,70.81,19.88,0.63,-1,-1,-1
317,3,466.49,410.33,75.69,16.17,0.87,-1,-1,-1
317,5,1060.44,396.45,357.82,113.52,0.93,-1,-1,-1
317,1,703.33,375.12,283.41,107.34,0.94,-1,-1,-1
317,2,1428.63,414.63,102.76,63.62,0.89,-1,-1,-1
317,6,15.86,386.76,70.37,19.41,0.61,-1,-1,-1
318,3,466.53,410.45,75.74,15.93,0.87,-1,-1,-1
318,5,1060.69,395.08,359.25,114.89,0.93,-1,-1,-1
318,1,702.63,374.97,283.96,107.17,0.93,-1,-1,-1
318,2,1429.49,415.05,101.39,63.35,0.90,-1,-1,-1
318,6,16.80,387.06,68.56,19.85,0.30,-1,-1,-1
319,3,466.80,410.26,76.41,16.22,0.87,-1,-1,-1
319,5,1061.13,395.95,360.90,113.89,0.93,-1,-1,-1
319,1,702.52,374.15,284.24,107.95,0.93,-1,-1,-1
319,2,1430.01,414.41,100.13,63.34,0.89,-1,-1,-1
319,6,16.56,386.48,67.54,19.64,0.62,-1,-1,-1
320,3,466.49,410.50,76.68,16.38,0.84,-1,-1,-1
320,5,1061.77,395.55,360.19,114.57,0.93,-1,-1,-1
320,1,702.62,374.50,284.02,107.77,0.93,-1,-1,-1
320,2,1430.57,414.69,100.02,63.25,0.91,-1,-1,-1
320,6,17.69,386.74,67.39,19.29,0.80,-1,-1,-1
321,3,466.56,410.16,77.45,17.07,0.87,-1,-1,-1
321,5,1061.65,395.77,359.41,114.37,0.93,-1,-1,-1
321,1,702.73,376.51,283.68,105.63,0.94,-1,-1,-1
321,2,1429.91,414.26,101.12,63.50,0.91,-1,-1,-1
321,6,17.91,386.52,66.81,19.48,0.81,-1,-1,-1
322,3,468.70,410.06,75.34,17.67,0.86,-1,-1,-1
322,5,1062.05,398.29,356.10,112.12,0.92,-1,-1,-1
322,1,702.85,376.09,283.73,106.26,0.93,-1,-1,-1
322,2,1429.09,416.00,101.57,63.32,0.91,-1,-1,-1
322,6,18.42,387.39,64.37,18.41,0.68,-1,-1,-1
323,3,467.79,410.21,76.85,17.65,0.78,-1,-1,-1
323,5,1061.96,397.74,353.29,112.53,0.92,-1,-1,-1
323,1,703.13,375.68,283.13,106.67,0.93,-1,-1,-1
323,2,1428.72,416.43,101.39,62.88,0.90,-1,-1,-1
323,6,19.11,387.16,63.68,18.90,0.68,-1,-1,-1
324,3,468.63,410.08,75.80,17.48,0.90,-1,-1,-1
324,5,1062.11,398.28,353.61,112.09,0.92,-1,-1,-1
324,1,702.82,376.33,284.29,106.28,0.94,-1,-1,-1
324,2,1428.33,416.74,102.14,62.63,0.91,-1,-1,-1
324,6,18.78,387.82,63.89,18.00,0.60,-1,-1,-1
325,3,469.33,411.14,74.86,16.38,0.87,-1,-1,-1
325,5,1062.29,400.15,354.98,110.30,0.92,-1,-1,-1
325,1,702.21,375.05,284.24,108.20,0.94,-1,-1,-1
325,2,1428.78,416.90,100.81,62.95,0.91,-1,-1,-1
325,6,18.64,387.49,68.44,18.14,0.82,-1,-1,-1
326,3,468.96,411.22,75.64,16.39,0.65,-1,-1,-1
326,5,1062.64,400.07,355.73,110.23,0.92,-1,-1,-1
326,1,702.24,375.88,284.21,107.45,0.94,-1,-1,-1
326,2,1428.51,416.73,101.23,63.10,0.91,-1,-1,-1
326,6,18.07,386.72,70.05,18.70,0.84,-1,-1,-1
327,3,469.70,411.88,74.86,15.83,0.86,-1,-1,-1
327,5,1061.80,400.09,355.73,110.39,0.92,-1,-1,-1
327,1,701.84,374.02,283.49,109.55,0.94,-1,-1,-1
327,2,1428.34,417.38,101.28,62.88,0.91,-1,-1,-1
327,6,19.47,387.12,66.28,18.43,0.79,-1,-1,-1
328,3,468.89,411.74,75.46,16.00,0.90,-1,-1,-1
328,5,1061.02,399.04,355.96,111.32,0.92,-1,-1,-1
328,1,702.18,374.93,282.17,108.51,0.93,-1,-1,-1
328,2,1428.26,417.45,101.31,62.86,0.91,-1,-1,-1
328,6,19.06,386.86,66.84,18.70,0.82,-1,-1,-1
329,3,468.37,412.16,75.31,15.60,0.38,-1,-1,-1
329,5,1060.78,399.37,356.50,111.07,0.92,-1,-1,-1
329,1,702.35,375.45,282.49,108.03,0.94,-1,-1,-1
329,2,1428.14,417.02,101.51,63.65,0.91,-1,-1,-1
329,6,19.02,386.89,66.95,18.80,0.81,-1,-1,-1
330,3,468.55,411.76,75.55,16.47,0.89,-1,-1,-1
330,5,1060.55,400.73,354.70,110.05,0.91,-1,-1,-1
330,1,702.70,374.46,280.77,109.21,0.93,-1,-1,-1
330,2,1427.79,417.15,100.92,63.37,0.91,-1,-1,-1
330,6,19.50,387.45,65.58,18.85,0.29,-1,-1,-1
331,3,470.20,412.28,73.73,15.90,0.83,-1,-1,-1
331,5,1060.10,400.31,353.62,110.85,0.91,-1,-1,-1
331,1,702.32,372.97,281.18,110.95,0.95,-1,-1,-1
331,2,1428.09,418.01,100.15,62.03,0.90,-1,-1,-1
331,6,17.89,387.11,69.32,19.60,0.41,-1,-1,-1
331,39,15.62,387.51,71.98,20.64,0.43,-1,-1,-1
332,3,471.14,412.94,71.34,15.37,0.61,-1,-1,-1
332,5,1058.59,400.24,353.63,111.44,0.91,-1,-1,-1
332,1,701.61,371.92,282.08,112.18,0.93,-1,-1,-1
332,2,1427.45,418.18,100.60,62.45,0.91,-1,-1,-1
333,3,471.03,412.81,71.00,15.49,0.83,-1,-1,-1
333,5,1058.14,401.61,352.75,110.37,0.91,-1,-1,-1
333,1,701.53,372.79,283.88,111.52,0.94,-1,-1,-1
333,2,1426.74,417.82,101.41,63.32,0.91,-1,-1,-1
333,6,16.18,387.88,71.30,20.06,0.74,-1,-1,-1
334,3,470.93,413.57,71.57,14.89,0.31,-1,-1,-1
334,5,1057.82,400.39,353.41,111.81,0.91,-1,-1,-1
334,1,701.46,373.71,282.57,110.66,0.94,-1,-1,-1
334,2,1425.86,417.51,101.63,63.98,0.91,-1,-1,-1
334,6,16.93,388.23,70.25,19.66,0.64,-1,-1,-1
335,3,470.10,413.85,72.77,14.62,0.62,-1,-1,-1
335,5,1058.18,402.29,352.80,109.90,0.90,-1,-1,-1
335,1,702.10,373.46,281.40,111.03,0.94,-1,-1,-1
335,2,1425.21,419.22,101.83,62.75,0.91,-1,-1,-1
335,6,16.39,388.36,71.60,19.46,0.70,-1,-1,-1
336,3,470.74,413.86,72.21,14.66,0.23,-1,-1,-1
336,5,1058.03,403.35,352.73,108.93,0.90,-1,-1,-1
336,1,702.04,372.60,281.07,111.76,0.95,-1,-1,-1
336,2,1425.13,419.12,101.68,62.94,0.91,-1,-1,-1
336,6,16.92,388.32,68.64,19.35,0.64,-1,-1,-1
337,3,469.23,413.37,72.24,15.05,0.39,-1,-1,-1
337,5,1058.21,402.80,351.85,109.42,0.91,-1,-1,-1
337,1,702.28,373.03,280.61,111.49,0.94,-1,-1,-1
337,2,1425.48,418.16,101.05,63.31,0.90,-1,-1,-1
337,6,16.41,389.07,69.17,18.81,0.70,-1,-1,-1
338,3,467.53,413.74,74.80,15.27,0.60,-1,-1,-1
338,5,1058.42,400.95,352.27,111.02,0.91,-1,-1,-1
338,1,702.46,373.41,279.90,111.26,0.93,-1,-1,-1
338,2,1425.22,418.70,101.28,62.97,0.90,-1,-1,-1
338,6,16.07,388.84,68.15,19.32,0.66,-1,-1,-1
339,3,466.93,414.08,75.29,14.87,0.40,-1,-1,-1
339,5,1059.11,399.15,350.13,112.95,0.90,-1,-1,-1
339,1,702.55,372.95,281.15,112.04,0.94,-1,-1,-1
339,2,1424.66,418.35,101.59,63.41,0.89,-1,-1,-1
339,6,14.76,389.18,70.86,19.48,0.75,-1,-1,-1
340,3,465.36,412.98,78.23,15.73,0.37,-1,-1,-1
340,5,1059.58,398.97,348.10,113.27,0.90,-1,-1,-1
340,1,702.40,373.36,281.07,111.80,0.93,-1,-1,-1
340,2,1424.26,418.32,102.09,63.12,0.89,-1,-1,-1
340,6,15.85,389.10,70.84,20.23,0.76,-1,-1,-1
341,3,465.59,413.39,78.91,15.91,0.23,-1,-1,-1
341,5,1059.33,402.02,347.10,110.42,0.88,-1,-1,-1
341,1,702.43,374.93,281.26,110.27,0.94,-1,-1,-1
341,2,1424.39,418.88,102.86,62.88,0.90,-1,-1,-1
341,6,17.71,389.48,70.11,19.80,0.83,-1,-1,-1
342,3,466.01,413.52,79.55,15.82,0.27,-1,-1,-1
342,5,1058.84,398.46,346.18,114.53,0.89,-1,-1,-1
342,1,703.06,374.33,279.28,111.15,0.93,-1,-1,-1
342,2,1424.65,419.07,101.63,63.40,0.89,-1,-1,-1
342,6,17.05,389.89,71.59,19.03,0.78,-1,-1,-1
343,3,466.86,413.76,77.90,15.32,0.59,-1,-1,-1
343,5,1058.49,400.58,347.11,112.68,0.89,-1,-1,-1
343,1,703.09,373.47,278.81,111.83,0.94,-1,-1,-1
343,2,1424.56,419.93,102.26,62.71,0.90,-1,-1,-1
343,6,16.13,389.47,73.83,20.00,0.76,-1,-1,-1
344,3,467.72,414.24,77.15,16.21,0.74,-1,-1,-1
344,5,1057.60,401.35,350.33,112.36,0.90,-1,-1,-1
344,1,702.86,373.41,279.80,112.17,0.93,-1,-1,-1
344,2,1425.42,419.62,100.63,62.56,0.90,-1,-1,-1
344,6,17.11,390.01,72.02,20.12,0.79,-1,-1,-1
345,3,468.35,414.50,77.40,15.72,0.54,-1,-1,-1
345,5,1056.83,403.39,355.55,110.53,0.89,-1,-1,-1
345,1,702.05,373.04,281.12,112.77,0.93,-1,-1,-1
345,2,1425.18,419.78,100.47,62.57,0.89,-1,-1,-1
345,6,17.73,390.33,70.64,19.85,0.81,-1,-1,-1
346,3,469.18,414.81,76.32,15.82,0.71,-1,-1,-1
346,5,1056.65,403.87,352.20,110.44,0.90,-1,-1,-1
346,1,701.32,373.59,280.99,112.55,0.94,-1,-1,-1
346,2,1423.70,420.21,101.30,61.49,0.88,-1,-1,-1
346,6,18.33,390.13,70.15,19.41,0.78,-1,-1,-1
347,3,468.91,414.78,76.95,16.57,0.78,-1,-1,-1
347,5,1057.03,402.48,350.60,112.15,0.91,-1,-1,-1
347,1,701.14,372.37,280.39,113.82,0.94,-1,-1,-1
347,2,1423.17,420.85,101.99,60.61,0.90,-1,-1,-1
347,6,17.58,389.56,71.69,20.27,0.84,-1,-1,-1
348,3,468.94,414.58,76.81,16.62,0.81,-1,-1,-1
348,5,1057.18,402.62,350.45,111.55,0.90,-1,-1,-1
348,1,701.56,373.76,279.97,112.44,0.94,-1,-1,-1
348,2,1422.50,420.58,102.98,60.78,0.88,-1,-1,-1
348,6,17.72,390.03,70.43,19.76,0.81,-1,-1,-1
349,3,469.51,414.52,77.46,17.26,0.80,-1,-1,-1
349,5,1056.98,404.38,353.77,108.89,0.88,-1,-1,-1
349,1,700.61,373.40,282.04,113.35,0.93,-1,-1,-1
349,2,1423.04,421.54,102.83,60.12,0.88,-1,-1,-1
349,6,18.05,390.95,67.19,18.72,0.76,-1,-1,-1
350,3,469.88,414.64,77.45,17.59,0.34,-1,-1,-1
350,5,1056.74,405.01,350.29,108.58,0.87,-1,-1,-1
350,1,700.40,374.65,282.01,112.43,0.94,-1,-1,-1
350,2,1422.59,421.88,103.39,59.86,0.90,-1,-1,-1
350,6,17.48,390.92,70.50,18.99,0.85,-1,-1,-1
351,3,470.48,415.14,76.14,16.82,0.75,-1,-1,-1
351,5,1055.24,407.57,349.18,106.66,0.88,-1,-1,-1
351,1,700.44,375.65,281.93,111.54,0.94,-1,-1,-1
351,2,1422.65,422.46,103.31,60.28,0.91,-1,-1,-1
351,6,17.11,390.59,65.59,19.03,0.77,-1,-1,-1
352,3,470.39,414.71,76.43,16.92,0.81,-1,-1,-1
352,5,1055.09,405.11,348.05,109.31,0.88,-1,-1,-1
352,1,700.41,374.18,281.94,113.24,0.94,-1,-1,-1
352,2,1422.79,421.74,103.58,61.88,0.91,-1,-1,-1
352,6,17.10,390.71,64.19,18.86,0.72,-1,-1,-1
353,3,470.02,415.39,75.77,16.43,0.85,-1,-1,-1
353,5,1054.33,406.09,348.62,108.50,0.88,-1,-1,-1
353,1,701.07,375.08,281.47,112.39,0.94,-1,-1,-1
353,2,1423.02,421.53,103.17,62.59,0.90,-1,-1,-1
353,6,16.53,391.04,65.48,18.85,0.67,-1,-1,-1
354,3,470.60,415.02,75.18,16.80,0.64,-1,-1,-1
354,5,1053.91,405.69,348.91,109.63,0.89,-1,-1,-1
354,1,700.96,375.60,280.92,111.74,0.94,-1,-1,-1
354,2,1423.19,422.18,102.26,60.41,0.91,-1,-1,-1
354,6,16.16,390.71,66.65,18.70,0.76,-1,-1,-1
355,3,470.79,415.02,74.61,16.05,0.73,-1,-1,-1
355,5,1053.48,403.59,348.68,111.89,0.90,-1,-1,-1
355,1,701.55,375.04,280.86,112.38,0.94,-1,-1,-1
355,2,1423.20,422.42,101.75,59.95,0.91,-1,-1,-1
355,6,15.84,390.50,68.11,18.79,0.75,-1,-1,-1
356,3,470.49,415.51,74.83,16.30,0.82,-1,-1,-1
356,5,1052.70,405.72,350.32,109.96,0.90,-1,-1,-1
356,1,701.76,375.65,280.44,112.23,0.94,-1,-1,-1
356,2,1422.57,422.58,101.34,59.12,0.90,-1,-1,-1
356,6,16.50,390.67,65.49,18.93,0.73,-1,-1,-1
357,3,471.16,415.26,75.27,16.98,0.83,-1,-1,-1
357,5,1052.28,403.14,351.29,112.83,0.89,-1,-1,-1
357,1,701.63,375.60,280.98,112.34,0.94,-1,-1,-1
357,2,1422.65,422.96,101.09,59.69,0.90,-1,-1,-1
357,6,17.52,389.83,69.60,19.57,0.63,-1,-1,-1
358,3,470.37,415.51,75.94,16.85,0.82,-1,-1,-1
358,5,1051.79,405.71,350.37,110.75,0.89,-1,-1,-1
358,1,701.27,375.01,280.93,113.32,0.94,-1,-1,-1
358,2,1422.79,421.73,99.53,60.94,0.89,-1,-1,-1
358,6,17.40,389.92,68.53,19.79,0.78,-1,-1,-1
359,3,469.25,415.65,75.67,16.67,0.80,-1,-1,-1
359,5,1051.63,406.29,350.32,110.16,0.88,-1,-1,-1
359,1,701.77,374.02,279.90,114.27,0.94,-1,-1,-1
359,2,1423.07,421.90,98.92,61.45,0.90,-1,-1,-1
359,6,17.28,389.72,69.97,20.07,0.75,-1,-1,-1
359,50,478.70,365.65,53.86,16.58,0.26,-1,-1,-1
360,3,469.34,415.64,76.24,17.20,0.85,-1,-1,-1
360,5,1051.40,404.07,350.14,112.49,0.88,-1,-1,-1
360,1,702.17,373.39,279.91,114.77,0.94,-1,-1,-1
360,2,1422.91,421.41,98.58,62.05,0.89,-1,-1,-1
360,6,17.75,390.68,66.66,19.41,0.75,-1,-1,-1
361,3,469.10,415.76,75.85,17.33,0.44,-1,-1,-1
361,5,1050.99,405.10,349.76,111.33,0.88,-1,-1,-1
361,1,701.65,374.90,279.85,113.15,0.94,-1,-1,-1
361,2,1421.75,423.50,99.66,60.27,0.89,-1,-1,-1
361,6,18.09,390.41,69.66,19.59,0.81,-1,-1,-1
362,3,469.67,415.55,76.92,17.34,0.85,-1,-1,-1
362,5,1051.17,407.14,350.05,109.47,0.86,-1,-1,-1
362,1,701.61,374.61,280.01,113.21,0.93,-1,-1,-1
362,2,1422.22,424.63,98.87,58.74,0.89,-1,-1,-1
362,6,18.11,389.94,71.40,19.86,0.82,-1,-1,-1
363,3,469.33,415.59,75.91,16.77,0.44,-1,-1,-1
363,5,1050.92,407.92,349.11,108.34,0.88,-1,-1,-1
363,1,701.48,376.66,279.60,111.14,0.94,-1,-1,-1
363,2,1420.04,426.20,101.10,58.18,0.89,-1,-1,-1
363,6,18.89,391.04,70.57,19.23,0.80,-1,-1,-1
364,3,470.03,415.54,76.47,16.81,0.76,-1,-1,-1
364,5,1050.66,406.76,349.18,109.28,0.87,-1,-1,-1
364,1,701.59,376.36,280.79,111.64,0.94,-1,-1,-1
364,2,1420.40,425.99,101.07,58.35,0.90,-1,-1,-1
364,6,18.85,390.67,69.87,19.26,0.63,-1,-1,-1
365,3,469.02,415.82,76.48,16.25,0.74,-1,-1,-1
365,5,1050.98,406.32,348.52,109.48,0.87,-1,-1,-1
365,1,701.66,376.39,279.78,111.56,0.94,-1,-1,-1
365,2,1419.32,427.03,101.81,57.96,0.89,-1,-1,-1
365,6,18.32,390.57,70.46,19.43,0.76,-1,-1,-1
366,3,467.35,416.09,77.78,16.37,0.68,-1,-1,-1
366,5,1049.96,403.90,349.45,112.08,0.87,-1,-1,-1
366,1,701.04,378.37,279.85,109.59,0.94,-1,-1,-1
366,2,1419.02,425.69,101.47,58.13,0.89,-1,-1,-1
366,6,18.17,390.25,70.67,19.34,0.85,-1,-1,-1
367,3,468.21,416.55,75.79,15.77,0.68,-1,-1,-1
367,5,1049.78,405.42,350.01,111.13,0.88,-1,-1,-1
367,1,701.25,378.13,279.39,109.78,0.94,-1,-1,-1
367,2,1419.15,426.15,100.89,57.78,0.90,-1,-1,-1
367,6,17.98,390.91,69.93,18.97,0.80,-1,-1,-1
368,3,468.64,416.45,75.63,16.40,0.78,-1,-1,-1
368,5,1048.89,405.32,349.63,111.48,0.86,-1,-1,-1
368,1,700.81,379.16,279.20,108.53,0.94,-1,-1,-1
368,2,1419.02,425.82,99.45,55.63,0.79,-1,-1,-1
368,6,18.29,390.67,69.04,18.74,0.77,-1,-1,-1
369,3,467.44,416.13,77.46,17.27,0.76,-1,-1,-1
369,5,1049.06,403.55,349.66,113.74,0.88,-1,-1,-1
369,1,701.46,378.75,279.97,109.20,0.94,-1,-1,-1
369,2,1418.20,424.88,100.23,57.07,0.84,-1,-1,-1
369,6,17.91,390.60,68.84,18.96,0.78,-1,-1,-1
370,3,467.40,416.10,75.53,16.91,0.79,-1,-1,-1
370,5,1048.05,404.57,352.55,112.93,0.89,-1,-1,-1
370,1,700.87,377.40,279.13,110.81,0.94,-1,-1,-1
370,2,1416.86,424.58,101.76,57.50,0.85,-1,-1,-1
370,6,18.17,391.36,70.67,18.55,0.74,-1,-1,-1
371,3,466.34,416.57,76.78,16.96,0.82,-1,-1,-1
371,5,1048.82,405.29,351.65,112.19,0.87,-1,-1,-1
371,1,700.53,377.18,279.55,111.37,0.95,-1,-1,-1
371,2,1419.06,422.61,99.08,58.66,0.88,-1,-1,-1
371,6,19.78,390.70,68.29,19.78,0.65,-1,-1,-1
372,3,465.94,416.47,75.82,17.20,0.83,-1,-1,-1
372,5,1049.41,405.76,350.56,111.87,0.88,-1,-1,-1
372,1,700.69,377.36,279.42,111.25,0.95,-1,-1,-1
372,2,1419.71,423.37,98.39,57.25,0.88,-1,-1,-1
372,6,19.23,391.20,70.76,19.32,0.70,-1,-1,-1
373,3,465.87,416.41,76.35,17.07,0.85,-1,-1,-1
373,5,1048.96,407.01,352.37,109.79,0.89,-1,-1,-1
373,1,700.51,378.74,280.02,109.75,0.94,-1,-1,-1
373,2,1418.93,423.11,100.41,59.31,0.85,-1,-1,-1
373,6,19.11,391.17,70.83,20.02,0.53,-1,-1,-1
374,3,465.65,416.06,75.54,16.71,0.86,-1,-1,-1
374,5,1049.40,406.23,353.36,110.46,0.89,-1,-1,-1
374,1,700.61,378.95,279.74,109.59,0.94,-1,-1,-1
374,2,1417.63,423.18,102.06,60.07,0.25,-1,-1,-1
374,6,19.22,392.09,72.15,19.25,0.70,-1,-1,-1
375,3,465.23,416.30,77.88,17.44,0.83,-1,-1,-1
375,5,1049.68,406.75,355.36,110.14,0.89,-1,-1,-1
375,1,700.53,380.41,279.63,107.74,0.94,-1,-1,-1
375,2,1415.54,424.38,104.82,60.05,0.85,-1,-1,-1
375,6,18.44,392.18,69.71,19.05,0.70,-1,-1,-1
376,3,464.87,416.04,77.21,17.82,0.79,-1,-1,-1
376,5,1050.10,406.95,354.73,110.13,0.89,-1,-1,-1
376,1,700.01,379.90,279.68,108.46,0.94,-1,-1,-1
376,2,1415.08,424.27,105.76,60.56,0.84,-1,-1,-1
376,6,18.15,392.22,70.66,18.88,0.77,-1,-1,-1
377,3,464.94,416.17,78.04,18.43,0.82,-1,-1,-1
377,5,1050.25,409.03,354.23,108.21,0.88,-1,-1,-1
377,1,699.81,379.38,280.11,109.28,0.94,-1,-1,-1
377,2,1413.58,423.85,107.31,60.81,0.86,-1,-1,-1
377,6,18.94,392.08,67.37,18.53,0.73,-1,-1,-1
378,3,465.76,415.73,77.84,18.25,0.85,-1,-1,-1
378,5,1050.21,408.12,349.13,109.06,0.85,-1,-1,-1
378,1,699.62,378.48,280.08,110.42,0.94,-1,-1,-1
378,2,1414.95,424.65,104.30,59.16,0.92,-1,-1,-1
378,6,16.25,393.18,68.18,17.65,0.60,-1,-1,-1
379,3,466.27,415.64,76.97,17.72,0.86,-1,-1,-1
379,5,1049.67,409.26,347.64,108.17,0.85,-1,-1,-1
379,1,699.66,377.70,279.97,111.40,0.94,-1,-1,-1
379,2,1415.84,425.07,103.02,58.41,0.91,-1,-1,-1
379,6,15.92,391.60,71.86,19.77,0.31,-1,-1,-1
380,3,466.02,415.28,75.53,17.77,0.83,-1,-1,-1
380,5,1048.58,406.80,350.71,110.18,0.84,-1,-1,-1
380,1,699.16,377.13,280.81,111.55,0.94,-1,-1,-1
380,2,1416.55,426.07,101.84,57.61,0.90,-1,-1,-1
380,6,16.49,390.90,71.63,20.30,0.45,-1,-1,-1
381,3,465.62,415.82,77.90,18.13,0.81,-1,-1,-1
381,5,1047.62,405.85,353.10,111.26,0.86,-1,-1,-1
381,1,699.15,378.57,280.99,109.86,0.94,-1,-1,-1
381,2,1416.57,425.40,101.99,58.53,0.91,-1,-1,-1
381,6,17.31,392.18,72.23,18.71,0.78,-1,-1,-1
381,53,507.96,652.56,658.95,223.15,0.32,-1,-1,-1
382,3,465.73,416.25,77.74,18.45,0.82,-1,-1,-1
382,5,1046.97,405.10,371.91,111.40,0.81,-1,-1,-1
382,1,699.37,380.37,281.04,107.97,0.93,-1,-1,-1
382,2,1415.34,425.74,102.97,58.47,0.79,-1,-1,-1
382,6,14.25,393.81,70.41,17.42,0.61,-1,-1,-1
383,3,466.37,416.29,75.96,17.67,0.83,-1,-1,-1
383,5,1047.12,406.06,360.72,110.44,0.84,-1,-1,-1
383,1,699.40,379.63,280.19,108.34,0.94,-1,-1,-1
383,2,1414.89,425.75,103.16,57.56,0.89,-1,-1,-1
383,6,15.84,392.32,70.79,19.12,0.55,-1,-1,-1
384,3,465.21,416.44,76.78,17.56,0.82,-1,-1,-1
384,5,1047.84,405.64,356.17,110.86,0.83,-1,-1,-1
384,1,698.69,380.70,280.27,107.11,0.92,-1,-1,-1
384,2,1414.63,424.57,103.49,58.64,0.89,-1,-1,-1
384,6,17.26,393.19,69.29,17.96,0.79,-1,-1,-1
385,3,465.24,416.16,78.27,18.74,0.82,-1,-1,-1
385,5,1047.59,406.09,353.44,110.94,0.87,-1,-1,-1
385,1,698.85,382.15,281.09,106.17,0.93,-1,-1,-1
385,2,1413.72,426.34,104.55,57.47,0.89,-1,-1,-1
385,6,16.88,392.39,69.36,19.04,0.50,-1,-1,-1
