1,1,1182.94,399.28,265.33,75.79,0.94,-1,-1,-1
1,2,628.63,450.03,615.41,190.76,0.91,-1,-1,-1
1,3,1154.41,356.35,95.48,16.97,0.80,-1,-1,-1
1,4,416.81,370.83,110.89,18.25,0.74,-1,-1,-1
1,5,163.50,388.93,111.66,14.85,0.70,-1,-1,-1
1,6,1489.84,347.58,68.81,14.22,0.62,-1,-1,-1
1,7,1859.14,327.92,59.72,17.30,0.54,-1,-1,-1
2,1,1181.54,400.68,268.26,74.73,0.94,-1,-1,-1
2,2,629.12,451.24,616.74,189.62,0.89,-1,-1,-1
2,3,1156.74,355.45,95.01,17.53,0.82,-1,-1,-1
2,4,413.75,369.59,114.86,19.04,0.75,-1,-1,-1
2,5,163.13,388.34,112.66,15.81,0.66,-1,-1,-1
2,6,1488.42,347.67,71.12,13.89,0.63,-1,-1,-1
2,7,1856.71,328.37,61.47,17.22,0.35,-1,-1,-1
3,1,1181.63,397.79,268.91,77.87,0.94,-1,-1,-1
3,2,628.94,450.76,618.12,190.59,0.88,-1,-1,-1
3,3,1154.51,355.57,100.03,17.33,0.74,-1,-1,-1
3,4,415.11,369.61,114.56,19.73,0.76,-1,-1,-1
3,5,164.63,388.08,112.36,15.87,0.77,-1,-1,-1
3,6,1495.52,349.55,64.53,12.26,0.54,-1,-1,-1
3,7,1857.01,328.51,61.27,16.85,0.31,-1,-1,-1
4,1,1182.36,399.48,269.33,76.11,0.94,-1,-1,-1
4,2,629.08,450.89,617.67,189.92,0.91,-1,-1,-1
4,3,1157.79,354.49,96.79,17.66,0.86,-1,-1,-1
4,4,413.83,369.31,117.25,18.98,0.68,-1,-1,-1
4,5,170.86,387.94,113.75,16.11,0.73,-1,-1,-1
4,6,1495.32,348.99,66.03,13.08,0.63,-1,-1,-1
4,7,1858.72,327.65,60.17,17.82,0.39,-1,-1,-1
4,9,1756.17,343.62,51.94,14.01,0.57,-1,-1,-1
5,1,1183.75,400.57,267.98,74.89,0.94,-1,-1,-1
5,2,629.41,450.31,616.81,190.82,0.91,-1,-1,-1
5,3,1157.27,355.75,97.09,16.98,0.83,-1,-1,-1
5,4,417.18,369.76,115.11,18.52,0.78,-1,-1,-1
5,5,172.77,387.46,107.94,16.36,0.84,-1,-1,-1
5,6,1494.24,349.15,73.63,12.44,0.61,-1,-1,-1
5,7,1861.47,328.20,57.98,16.93,0.41,-1,-1,-1
5,9,1759.75,342.94,58.84,14.48,0.48,-1,-1,-1
6,1,1186.61,399.78,266.48,75.46,0.94,-1,-1,-1
6,2,628.85,449.09,616.50,191.92,0.91,-1,-1,-1
6,3,1155.54,354.99,97.59,17.91,0.80,-1,-1,-1
6,4,415.68,369.92,118.37,18.73,0.77,-1,-1,-1
6,5,171.51,387.30,109.24,16.74,0.82,-1,-1,-1
6,6,1496.21,349.59,71.95,13.27,0.60,-1,-1,-1
6,7,1865.44,326.88,54.49,19.15,0.57,-1,-1,-1
6,9,1762.85,342.79,57.35,14.57,0.54,-1,-1,-1
7,1,1187.56,400.26,266.25,75.03,0.94,-1,-1,-1
7,2,628.62,450.44,616.44,190.04,0.91,-1,-1,-1
7,3,1160.16,355.18,97.83,17.28,0.80,-1,-1,-1
7,4,419.93,369.43,115.46,18.98,0.69,-1,-1,-1
7,5,173.19,387.83,111.33,16.22,0.83,-1,-1,-1
7,6,1506.37,349.60,64.96,12.69,0.50,-1,-1,-1
7,7,1866.51,326.96,53.55,18.92,0.52,-1,-1,-1
7,9,1761.53,343.18,59.54,14.33,0.57,-1,-1,-1
8,1,1187.62,398.64,267.53,76.99,0.94,-1,-1,-1
8,2,629.23,450.70,616.05,189.95,0.92,-1,-1,-1
8,3,1162.94,355.01,95.16,17.28,0.78,-1,-1,-1
8,4,421.76,369.80,110.27,18.52,0.56,-1,-1,-1
8,5,179.10,387.74,106.02,16.43,0.81,-1,-1,-1
8,6,1502.23,346.61,70.42,14.36,0.28,-1,-1,-1
8,7,1869.88,327.17,49.95,18.39,0.40,-1,-1,-1
8,9,1762.97,343.26,61.81,14.46,0.48,-1,-1,-1
9,1,1189.34,400.02,266.91,75.51,0.94,-1,-1,-1
9,2,628.27,451.58,619.41,188.86,0.90,-1,-1,-1
9,3,1166.95,355.10,92.34,16.84,0.76,-1,-1,-1
9,4,421.23,369.24,114.67,18.54,0.59,-1,-1,-1
9,5,177.79,387.71,108.85,16.16,0.83,-1,-1,-1
9,7,1873.22,327.96,46.66,17.56,0.33,-1,-1,-1
9,9,1764.60,343.21,57.09,13.51,0.33,-1,-1,-1
10,1,1189.67,399.26,268.33,76.01,0.94,-1,-1,-1
10,2,628.78,453.52,618.45,187.06,0.92,-1,-1,-1
10,3,1163.27,355.47,94.37,16.86,0.76,-1,-1,-1
10,4,428.51,368.49,109.93,17.55,0.31,-1,-1,-1
10,5,177.67,387.49,112.34,16.45,0.81,-1,-1,-1
10,7,1874.02,328.26,45.69,17.46,0.29,-1,-1,-1
10,9,1766.22,343.28,57.74,13.83,0.45,-1,-1,-1
10,6,1501.30,346.24,73.17,15.30,0.30,-1,-1,-1
11,1,1190.22,400.10,269.31,75.07,0.94,-1,-1,-1
11,2,628.21,453.89,619.03,186.75,0.92,-1,-1,-1
11,3,1163.32,355.02,100.83,17.75,0.85,-1,-1,-1
11,4,427.52,369.16,112.37,18.13,0.68,-1,-1,-1
11,5,178.18,387.11,112.36,16.99,0.73,-1,-1,-1
11,7,1876.06,328.56,43.89,17.73,0.24,-1,-1,-1
11,9,1770.08,341.80,57.35,15.24,0.22,-1,-1,-1
11,6,1504.17,348.23,72.11,14.43,0.59,-1,-1,-1
12,1,1190.77,401.71,270.42,73.61,0.94,-1,-1,-1
12,2,629.71,453.79,616.72,187.11,0.92,-1,-1,-1
12,3,1167.06,354.79,101.37,17.58,0.83,-1,-1,-1
12,4,429.46,368.57,112.25,17.56,0.68,-1,-1,-1
12,5,176.90,387.69,112.51,16.28,0.79,-1,-1,-1
12,7,1880.92,328.36,39.10,17.58,0.28,-1,-1,-1
12,9,1770.31,341.89,59.94,15.21,0.42,-1,-1,-1
12,6,1503.00,348.40,75.58,14.07,0.28,-1,-1,-1
13,1,1192.81,400.49,269.67,74.76,0.94,-1,-1,-1
13,2,630.62,454.61,617.48,186.01,0.91,-1,-1,-1
13,3,1164.15,354.34,104.30,18.07,0.83,-1,-1,-1
13,4,431.85,368.57,113.27,17.70,0.77,-1,-1,-1
13,5,178.89,387.43,114.02,16.39,0.79,-1,-1,-1
13,7,1879.86,328.84,40.17,17.43,0.29,-1,-1,-1
13,9,1772.79,340.86,58.75,16.75,0.50,-1,-1,-1
14,1,1194.57,400.33,268.92,75.06,0.94,-1,-1,-1
14,2,630.75,454.51,616.47,186.26,0.90,-1,-1,-1
14,3,1170.53,354.14,99.88,17.88,0.80,-1,-1,-1
14,4,437.64,369.11,111.76,16.64,0.74,-1,-1,-1
14,5,179.40,387.34,113.04,16.44,0.82,-1,-1,-1
14,9,1775.36,341.25,58.35,15.46,0.22,-1,-1,-1
14,6,1516.21,348.16,67.67,13.81,0.54,-1,-1,-1
15,1,1195.91,400.86,270.15,74.53,0.94,-1,-1,-1
15,2,630.55,454.63,617.90,186.19,0.89,-1,-1,-1
15,3,1173.44,354.58,96.09,17.04,0.75,-1,-1,-1
15,4,436.60,368.52,113.42,17.49,0.81,-1,-1,-1
15,5,178.66,387.08,115.39,16.48,0.83,-1,-1,-1
15,6,1515.50,350.02,70.04,11.60,0.70,-1,-1,-1
15,7,1885.45,329.36,34.59,16.26,0.36,-1,-1,-1
16,1,1197.33,402.59,270.45,72.98,0.94,-1,-1,-1
16,2,630.60,454.39,617.94,186.42,0.90,-1,-1,-1
16,3,1172.68,355.17,97.73,16.63,0.79,-1,-1,-1
16,4,439.38,369.58,103.66,16.12,0.77,-1,-1,-1
16,5,180.19,386.91,114.09,16.75,0.83,-1,-1,-1
16,6,1513.32,347.87,73.05,14.08,0.46,-1,-1,-1
16,7,1885.21,329.42,34.69,16.93,0.22,-1,-1,-1
16,9,1780.05,341.26,56.28,15.20,0.46,-1,-1,-1
17,1,1198.01,403.26,270.01,72.06,0.94,-1,-1,-1
17,2,630.13,454.32,617.91,186.81,0.90,-1,-1,-1
17,3,1175.52,353.95,99.09,17.07,0.77,-1,-1,-1
17,4,437.01,368.94,112.90,17.74,0.82,-1,-1,-1
17,5,181.26,387.65,114.32,15.96,0.81,-1,-1,-1
17,6,1515.19,348.97,71.75,13.11,0.72,-1,-1,-1
17,9,1780.03,339.97,66.38,16.07,0.70,-1,-1,-1
18,1,1198.88,401.41,270.67,74.05,0.95,-1,-1,-1
18,2,629.15,454.46,619.29,186.94,0.89,-1,-1,-1
18,3,1176.35,355.80,94.27,16.54,0.75,-1,-1,-1
18,4,435.32,368.52,119.09,17.95,0.62,-1,-1,-1
18,5,182.28,387.27,115.69,16.29,0.58,-1,-1,-1
18,9,1783.48,340.54,59.44,14.10,0.22,-1,-1,-1
19,1,1200.86,400.83,270.17,74.85,0.94,-1,-1,-1
19,2,628.90,453.35,620.15,187.54,0.90,-1,-1,-1
19,3,1177.85,355.59,93.05,16.54,0.80,-1,-1,-1
19,4,440.53,368.13,112.60,18.36,0.75,-1,-1,-1
19,5,184.71,387.94,113.65,15.42,0.80,-1,-1,-1
19,9,1784.76,340.39,65.87,14.92,0.40,-1,-1,-1
19,6,1519.65,348.93,70.13,13.68,0.69,-1,-1,-1
20,1,1202.02,398.50,271.76,77.53,0.95,-1,-1,-1
20,2,629.03,453.34,619.42,187.56,0.91,-1,-1,-1
20,3,1175.86,355.46,98.85,17.46,0.81,-1,-1,-1
20,4,443.08,368.66,107.52,17.60,0.75,-1,-1,-1
20,5,185.79,387.47,115.67,15.74,0.82,-1,-1,-1
21,1,1202.88,398.99,273.18,76.66,0.94,-1,-1,-1
21,2,629.30,453.18,619.37,187.94,0.90,-1,-1,-1
21,3,1180.23,355.37,95.44,16.80,0.80,-1,-1,-1
21,4,444.97,369.86,102.72,15.95,0.45,-1,-1,-1
21,5,160.56,387.93,143.95,17.59,0.22,-1,-1,-1
21,9,1789.28,341.79,58.47,14.92,0.58,-1,-1,-1
21,6,1521.35,347.53,69.86,14.07,0.33,-1,-1,-1
22,1,1203.53,399.02,274.57,76.39,0.94,-1,-1,-1
22,2,630.01,453.78,618.73,186.63,0.90,-1,-1,-1
22,3,1181.64,355.36,95.58,17.26,0.81,-1,-1,-1
22,4,448.32,369.56,102.46,15.92,0.78,-1,-1,-1
22,5,177.72,387.71,127.26,16.63,0.77,-1,-1,-1
22,9,1792.83,338.16,67.42,18.43,0.39,-1,-1,-1
22,6,1516.78,349.92,76.57,13.59,0.57,-1,-1,-1
23,1,1204.59,399.67,274.08,75.85,0.94,-1,-1,-1
23,2,629.79,454.01,619.46,186.46,0.89,-1,-1,-1
23,3,1183.47,355.44,93.95,16.29,0.81,-1,-1,-1
23,4,443.66,369.30,111.94,16.91,0.75,-1,-1,-1
23,5,177.86,387.78,127.82,16.83,0.42,-1,-1,-1
23,9,1794.73,337.52,64.43,18.30,0.35,-1,-1,-1
23,6,1520.10,349.45,73.62,13.24,0.55,-1,-1,-1
24,1,1205.21,401.54,274.07,73.98,0.94,-1,-1,-1
24,2,630.63,454.14,617.61,186.56,0.88,-1,-1,-1
24,3,1181.10,354.77,101.37,17.06,0.85,-1,-1,-1
24,4,444.81,369.61,112.69,17.08,0.72,-1,-1,-1
24,5,187.42,387.07,120.22,16.43,0.79,-1,-1,-1
24,9,1795.47,338.25,66.70,17.61,0.40,-1,-1,-1
24,6,1522.93,347.91,73.57,13.44,0.23,-1,-1,-1
25,1,1205.64,401.84,274.61,74.50,0.92,-1,-1,-1
25,2,630.91,453.92,617.66,187.25,0.85,-1,-1,-1
25,3,1181.39,354.15,101.80,17.83,0.35,-1,-1,-1
25,4,447.96,368.18,112.23,17.46,0.75,-1,-1,-1
25,5,170.13,387.09,138.48,16.69,0.62,-1,-1,-1
25,9,1796.28,338.34,68.22,18.01,0.34,-1,-1,-1
25,6,1524.08,348.89,75.61,13.23,0.52,-1,-1,-1
25,11,1795.61,339.95,65.31,18.15,0.22,-1,-1,-1
26,1,1206.53,400.72,274.90,75.39,0.62,-1,-1,-1
26,2,631.81,453.27,617.58,187.69,0.35,-1,-1,-1
26,3,1182.51,353.76,101.32,18.22,0.70,-1,-1,-1
26,4,448.25,367.90,111.38,17.07,0.75,-1,-1,-1
26,5,180.30,386.26,130.38,16.61,0.73,-1,-1,-1
26,9,1800.19,339.07,66.93,17.72,0.44,-1,-1,-1
26,6,1528.01,347.64,73.08,15.32,0.32,-1,-1,-1
26,11,1800.35,340.25,63.63,18.37,0.25,-1,-1,-1
27,1,1207.39,399.39,274.76,76.86,0.95,-1,-1,-1
27,2,632.64,452.71,616.92,187.98,0.87,-1,-1,-1
27,3,1184.43,354.09,103.11,17.74,0.78,-1,-1,-1
27,4,451.78,367.53,107.01,17.21,0.77,-1,-1,-1
27,5,188.27,385.72,125.79,16.39,0.76,-1,-1,-1
27,9,1803.53,339.18,67.39,17.19,0.48,-1,-1,-1
27,6,1529.87,348.35,72.94,13.20,0.32,-1,-1,-1
28,1,1208.10,399.46,275.03,77.14,0.95,-1,-1,-1
28,2,633.86,453.25,617.22,187.81,0.88,-1,-1,-1
28,3,1183.30,354.31,105.06,17.55,0.77,-1,-1,-1
28,4,451.44,367.35,109.58,16.94,0.73,-1,-1,-1
28,5,187.53,386.03,125.67,15.83,0.77,-1,-1,-1
28,6,1532.88,348.97,71.80,12.75,0.51,-1,-1,-1
29,1,1208.41,399.78,276.44,76.83,0.95,-1,-1,-1
29,2,634.53,452.38,616.83,189.36,0.87,-1,-1,-1
29,3,1190.66,354.29,98.99,17.08,0.81,-1,-1,-1
29,4,453.91,369.64,105.26,16.54,0.79,-1,-1,-1
29,5,199.23,386.83,115.05,15.40,0.81,-1,-1,-1
29,6,1533.13,347.57,73.45,14.76,0.47,-1,-1,-1
29,11,1809.06,341.14,62.73,16.39,0.28,-1,-1,-1
29,9,1807.64,339.86,65.99,16.34,0.36,-1,-1,-1
30,1,1209.63,399.81,276.13,77.27,0.96,-1,-1,-1
30,2,634.35,452.64,615.96,189.39,0.84,-1,-1,-1
30,3,1189.09,354.03,101.09,17.00,0.77,-1,-1,-1
30,4,456.30,368.86,108.07,16.29,0.71,-1,-1,-1
30,5,204.53,386.34,112.14,15.62,0.63,-1,-1,-1
30,6,1535.36,347.60,71.80,14.63,0.64,-1,-1,-1
30,9,1806.76,339.03,68.18,17.22,0.42,-1,-1,-1
31,1,1211.81,401.75,275.52,75.37,0.94,-1,-1,-1
31,2,634.52,452.24,616.39,189.37,0.87,-1,-1,-1
31,3,1189.98,354.35,99.39,17.42,0.80,-1,-1,-1
31,4,457.54,370.02,106.98,16.16,0.76,-1,-1,-1
31,5,209.86,386.48,108.28,15.24,0.71,-1,-1,-1
31,6,1537.63,348.05,75.20,14.16,0.35,-1,-1,-1
31,11,1811.46,341.16,63.21,16.73,0.53,-1,-1,-1
32,1,1213.42,401.42,275.30,75.83,0.94,-1,-1,-1
32,2,634.90,451.48,615.84,189.83,0.87,-1,-1,-1
32,3,1193.85,354.15,98.32,17.74,0.82,-1,-1,-1
32,4,458.04,369.49,109.32,16.00,0.77,-1,-1,-1
32,5,213.52,386.59,105.70,15.25,0.73,-1,-1,-1
32,6,1538.62,348.38,73.19,15.51,0.56,-1,-1,-1
32,11,1811.47,340.69,66.57,17.20,0.21,-1,-1,-1
32,9,1809.43,338.86,70.56,17.77,0.47,-1,-1,-1
33,1,1213.79,402.18,276.08,75.48,0.95,-1,-1,-1
33,2,634.96,451.74,615.21,189.30,0.86,-1,-1,-1
33,3,1195.56,353.63,99.93,17.89,0.78,-1,-1,-1
33,4,458.12,369.55,109.20,15.43,0.65,-1,-1,-1
33,5,214.41,387.06,105.87,14.78,0.72,-1,-1,-1
33,6,1542.69,348.65,71.89,14.58,0.52,-1,-1,-1
33,11,1814.22,340.92,66.58,16.43,0.47,-1,-1,-1
33,9,1812.28,338.68,69.02,17.55,0.31,-1,-1,-1
34,1,1214.61,403.00,276.51,74.15,0.95,-1,-1,-1
34,2,634.84,452.51,616.25,188.65,0.84,-1,-1,-1
34,3,1195.19,354.03,99.33,17.17,0.76,-1,-1,-1
34,4,461.13,369.72,108.81,16.18,0.38,-1,-1,-1
34,5,223.16,387.13,98.36,14.46,0.67,-1,-1,-1
34,6,1544.60,348.86,73.29,14.87,0.75,-1,-1,-1
34,9,1815.92,338.25,65.68,17.65,0.26,-1,-1,-1
35,1,1215.35,404.99,276.06,71.79,0.94,-1,-1,-1
35,2,634.74,453.78,617.73,187.34,0.77,-1,-1,-1
35,3,1197.81,354.56,99.79,16.90,0.74,-1,-1,-1
35,4,462.24,370.11,111.54,16.12,0.81,-1,-1,-1
35,5,230.68,386.41,93.56,14.91,0.81,-1,-1,-1
35,6,1546.38,349.37,72.99,13.71,0.68,-1,-1,-1
36,1,1217.11,403.62,276.15,73.78,0.94,-1,-1,-1
36,2,634.88,454.14,617.10,186.99,0.84,-1,-1,-1
36,3,1198.95,353.57,101.42,18.15,0.82,-1,-1,-1
36,4,463.58,369.59,111.13,17.10,0.82,-1,-1,-1
36,5,225.14,386.52,99.84,14.65,0.86,-1,-1,-1
36,6,1546.41,349.32,75.33,14.77,0.68,-1,-1,-1
36,11,1820.28,340.83,66.21,17.05,0.53,-1,-1,-1
37,1,1218.12,403.00,275.87,74.59,0.94,-1,-1,-1
37,2,635.06,453.57,616.16,187.27,0.83,-1,-1,-1
37,3,1197.34,354.00,104.29,18.38,0.79,-1,-1,-1
37,4,476.59,370.44,96.47,15.45,0.53,-1,-1,-1
37,5,224.62,385.86,103.93,15.52,0.80,-1,-1,-1
37,6,1546.10,349.82,76.80,13.76,0.64,-1,-1,-1
37,9,1824.86,339.61,68.72,17.76,0.31,-1,-1,-1
38,1,1218.95,401.79,277.03,75.86,0.95,-1,-1,-1
38,2,635.44,454.21,614.86,186.58,0.84,-1,-1,-1
38,3,1199.42,354.17,105.05,17.90,0.81,-1,-1,-1
38,4,471.31,369.54,103.77,16.32,0.80,-1,-1,-1
38,5,220.18,386.27,109.47,15.53,0.72,-1,-1,-1
38,6,1545.91,348.76,82.30,13.94,0.32,-1,-1,-1
38,9,1826.47,337.99,68.51,18.71,0.32,-1,-1,-1
39,1,1219.65,401.67,278.17,75.82,0.94,-1,-1,-1
39,2,635.85,453.74,614.25,187.08,0.84,-1,-1,-1
39,3,1201.10,354.00,102.15,17.50,0.50,-1,-1,-1
39,4,468.25,369.43,108.32,16.73,0.76,-1,-1,-1
39,5,225.14,386.16,108.30,15.34,0.75,-1,-1,-1
39,6,1548.87,349.34,76.55,13.79,0.55,-1,-1,-1
39,9,1828.24,337.91,66.72,18.79,0.27,-1,-1,-1
39,11,1828.60,339.92,65.65,18.11,0.43,-1,-1,-1
40,1,1220.30,401.59,279.18,75.62,0.94,-1,-1,-1
40,2,635.60,453.87,615.43,187.18,0.77,-1,-1,-1
40,3,1211.57,354.29,97.47,16.79,0.73,-1,-1,-1
40,4,470.46,370.35,104.69,16.04,0.81,-1,-1,-1
40,5,226.15,386.29,107.27,15.44,0.82,-1,-1,-1
40,6,1552.14,348.04,75.00,15.29,0.50,-1,-1,-1
40,9,1829.07,338.69,66.25,17.82,0.37,-1,-1,-1
40,11,1830.28,340.37,65.28,17.41,0.40,-1,-1,-1
41,1,1221.99,402.77,278.61,74.40,0.94,-1,-1,-1
41,2,635.68,454.11,616.17,186.75,0.80,-1,-1,-1
41,3,1206.07,354.06,98.53,17.07,0.82,-1,-1,-1
41,4,470.56,370.36,107.66,15.66,0.72,-1,-1,-1
41,6,1550.14,349.85,77.04,12.65,0.54,-1,-1,-1
41,11,1828.97,341.01,68.78,16.47,0.22,-1,-1,-1
42,1,1223.06,403.13,279.47,73.94,0.94,-1,-1,-1
42,2,635.69,454.03,617.83,186.85,0.78,-1,-1,-1
42,3,1203.74,354.10,102.01,17.95,0.78,-1,-1,-1
42,4,474.38,371.50,98.04,15.20,0.80,-1,-1,-1
42,6,1551.32,348.98,79.31,12.79,0.21,-1,-1,-1
42,11,1833.52,342.17,67.54,15.88,0.50,-1,-1,-1
42,14,326.80,317.86,98.71,22.46,0.22,-1,-1,-1
42,5,231.88,385.80,104.10,16.03,0.86,-1,-1,-1
43,1,1223.93,403.76,279.40,73.49,0.95,-1,-1,-1
43,2,634.44,453.24,619.55,188.36,0.77,-1,-1,-1
43,3,1207.74,354.05,100.57,17.85,0.83,-1,-1,-1
43,4,475.77,370.41,104.53,15.89,0.78,-1,-1,-1
43,6,1553.91,349.80,78.68,12.40,0.64,-1,-1,-1
43,11,1834.61,342.28,69.82,15.46,0.46,-1,-1,-1
43,14,330.70,319.28,108.93,23.67,0.26,-1,-1,-1
43,5,233.46,385.94,103.72,15.94,0.84,-1,-1,-1
44,1,1224.70,402.81,280.03,74.27,0.94,-1,-1,-1
44,2,635.45,452.94,618.83,188.17,0.79,-1,-1,-1
44,3,1210.32,354.89,97.59,17.82,0.85,-1,-1,-1
44,4,478.73,370.04,103.67,16.31,0.80,-1,-1,-1
44,6,1558.44,350.62,76.79,11.52,0.69,-1,-1,-1
44,14,328.41,321.26,110.54,22.54,0.21,-1,-1,-1
44,5,234.59,385.89,103.37,15.83,0.84,-1,-1,-1
44,9,1836.58,340.58,74.95,17.36,0.49,-1,-1,-1
45,1,1225.88,401.87,279.41,74.90,0.95,-1,-1,-1
45,2,635.32,453.53,619.63,187.46,0.79,-1,-1,-1
45,3,1209.54,354.60,103.05,17.61,0.85,-1,-1,-1
45,4,478.07,369.47,108.82,16.26,0.82,-1,-1,-1
45,6,1561.51,350.67,76.28,12.98,0.73,-1,-1,-1
45,14,329.01,324.25,105.37,21.54,0.36,-1,-1,-1
45,5,235.68,385.16,103.36,16.11,0.81,-1,-1,-1
45,11,1840.87,342.13,67.30,15.85,0.29,-1,-1,-1
46,1,1226.69,402.66,281.05,74.19,0.94,-1,-1,-1
46,2,635.67,452.94,619.80,187.76,0.75,-1,-1,-1
46,3,1212.63,354.00,102.06,17.94,0.74,-1,-1,-1
46,4,480.10,370.11,106.06,15.96,0.79,-1,-1,-1
46,6,1565.75,350.04,72.73,12.84,0.71,-1,-1,-1
46,14,329.50,319.74,105.56,22.60,0.32,-1,-1,-1
46,5,237.41,385.11,103.08,16.32,0.87,-1,-1,-1
46,9,1842.36,340.85,74.71,17.98,0.22,-1,-1,-1
47,1,1227.12,402.24,280.86,74.71,0.94,-1,-1,-1
47,2,635.69,453.49,620.13,187.41,0.76,-1,-1,-1
47,3,1215.54,354.04,100.07,18.21,0.81,-1,-1,-1
47,4,482.40,370.52,102.01,14.90,0.80,-1,-1,-1
47,6,1566.68,349.89,73.06,12.11,0.65,-1,-1,-1
47,5,239.81,385.38,103.61,15.84,0.87,-1,-1,-1
47,11,1842.97,341.77,70.83,16.98,0.48,-1,-1,-1
48,1,1228.41,402.32,280.91,74.40,0.94,-1,-1,-1
48,2,636.08,453.16,619.76,187.46,0.76,-1,-1,-1
48,3,1219.54,353.89,96.66,18.26,0.83,-1,-1,-1
48,4,485.18,370.49,100.16,15.24,0.67,-1,-1,-1
48,6,1566.70,348.77,74.49,13.54,0.65,-1,-1,-1
48,5,242.05,385.60,101.49,15.75,0.87,-1,-1,-1
48,11,1843.95,341.04,71.81,17.46,0.39,-1,-1,-1
48,14,330.25,318.24,104.74,23.04,0.34,-1,-1,-1
48,9,1843.92,339.28,74.42,18.13,0.20,-1,-1,-1
49,1,1228.97,402.26,281.23,75.11,0.94,-1,-1,-1
49,2,635.23,452.65,620.53,188.00,0.70,-1,-1,-1
49,3,1218.76,354.84,98.09,17.73,0.85,-1,-1,-1
49,4,484.86,369.10,106.76,16.76,0.82,-1,-1,-1
49,6,1568.62,350.15,75.33,11.96,0.68,-1,-1,-1
49,5,242.50,385.83,100.66,15.20,0.86,-1,-1,-1
49,9,1845.42,339.47,74.64,17.12,0.57,-1,-1,-1
50,1,1230.32,402.85,280.83,74.35,0.94,-1,-1,-1
50,2,635.43,454.09,621.36,186.71,0.70,-1,-1,-1
50,3,1221.14,354.32,98.54,18.06,0.83,-1,-1,-1
50,4,485.45,369.37,106.35,16.23,0.60,-1,-1,-1
50,6,1568.11,349.34,77.37,12.71,0.62,-1,-1,-1
50,5,243.50,385.68,101.81,15.57,0.86,-1,-1,-1
51,1,1231.28,403.62,280.84,73.67,0.94,-1,-1,-1
51,2,635.71,455.02,621.36,185.99,0.69,-1,-1,-1
51,3,1221.02,354.41,98.54,17.41,0.78,-1,-1,-1
51,4,488.06,369.23,106.86,16.10,0.80,-1,-1,-1
51,6,1569.91,349.62,76.97,13.23,0.76,-1,-1,-1
51,5,245.62,385.82,101.56,15.40,0.87,-1,-1,-1
51,9,1851.07,339.28,70.01,17.65,0.40,-1,-1,-1
52,1,1232.07,404.31,281.19,72.75,0.94,-1,-1,-1
52,2,636.41,454.33,620.16,186.11,0.70,-1,-1,-1
52,3,1222.18,354.40,100.74,17.73,0.82,-1,-1,-1
52,4,494.17,370.17,96.84,15.07,0.73,-1,-1,-1
52,6,1568.07,349.86,79.99,13.12,0.65,-1,-1,-1
52,5,246.40,385.31,105.00,16.04,0.89,-1,-1,-1
52,9,1851.82,338.71,69.04,18.19,0.66,-1,-1,-1
53,1,1233.58,403.96,281.88,73.40,0.94,-1,-1,-1
53,2,636.14,452.95,620.49,187.21,0.68,-1,-1,-1
53,3,1222.89,353.05,102.96,18.68,0.85,-1,-1,-1
53,4,494.34,370.00,100.64,15.35,0.77,-1,-1,-1
53,6,1567.80,349.37,82.03,13.88,0.65,-1,-1,-1
53,5,246.53,386.20,102.74,14.70,0.85,-1,-1,-1
53,9,1853.43,338.40,67.43,18.63,0.41,-1,-1,-1
54,1,1234.58,401.37,282.72,76.24,0.95,-1,-1,-1
54,2,636.65,453.30,619.28,186.83,0.72,-1,-1,-1
54,3,1223.70,353.11,103.30,18.55,0.81,-1,-1,-1
54,4,496.47,369.81,99.84,15.72,0.72,-1,-1,-1
54,6,1575.03,349.76,77.26,13.59,0.53,-1,-1,-1
54,5,247.08,385.51,105.55,15.79,0.85,-1,-1,-1
54,9,1854.08,338.55,66.70,18.18,0.54,-1,-1,-1
54,16,1855.45,341.49,64.39,16.96,0.21,-1,-1,-1
55,1,1235.82,401.10,281.97,76.36,0.95,-1,-1,-1
55,2,636.42,453.38,619.11,186.97,0.68,-1,-1,-1
55,3,1224.72,354.12,101.52,18.30,0.83,-1,-1,-1
55,4,497.93,369.81,99.58,15.56,0.76,-1,-1,-1
55,6,1573.93,349.97,78.72,14.27,0.51,-1,-1,-1
55,5,249.39,385.64,105.07,15.67,0.85,-1,-1,-1
55,16,1853.12,341.09,66.49,17.44,0.27,-1,-1,-1
56,1,1236.63,401.20,282.36,76.51,0.95,-1,-1,-1
56,2,636.35,453.49,620.00,186.10,0.74,-1,-1,-1
56,3,1226.67,354.07,97.08,17.98,0.81,-1,-1,-1
56,4,497.53,370.00,99.68,16.01,0.80,-1,-1,-1
56,6,1572.61,349.53,80.49,13.85,0.59,-1,-1,-1
56,5,250.82,385.62,103.70,15.26,0.85,-1,-1,-1
56,16,1857.38,342.14,62.06,16.18,0.43,-1,-1,-1
56,14,331.40,323.25,106.35,20.51,0.28,-1,-1,-1
57,1,1236.47,399.58,283.64,78.14,0.95,-1,-1,-1
57,2,636.14,452.47,618.42,187.09,0.74,-1,-1,-1
57,3,1228.66,354.15,99.85,18.54,0.76,-1,-1,-1
57,4,500.28,369.84,98.47,15.68,0.75,-1,-1,-1
57,6,1579.97,349.45,73.42,13.69,0.55,-1,-1,-1
57,5,251.96,385.89,103.09,15.09,0.88,-1,-1,-1
58,1,1236.87,401.29,283.55,76.66,0.95,-1,-1,-1
58,2,635.78,453.83,618.66,186.22,0.72,-1,-1,-1
58,3,1228.40,354.56,102.27,17.74,0.75,-1,-1,-1
58,4,497.44,369.96,101.73,15.97,0.73,-1,-1,-1
58,6,1582.15,349.11,73.39,14.24,0.71,-1,-1,-1
58,5,254.13,385.69,101.89,15.30,0.86,-1,-1,-1
58,9,1865.84,335.90,54.68,20.92,0.26,-1,-1,-1
58,16,1864.14,340.72,55.13,17.52,0.23,-1,-1,-1
59,1,1237.71,400.25,284.41,77.85,0.95,-1,-1,-1
59,2,635.72,453.71,618.65,186.44,0.70,-1,-1,-1
59,3,1228.92,353.94,102.49,18.08,0.76,-1,-1,-1
59,4,497.71,369.32,102.77,16.03,0.80,-1,-1,-1
59,6,1584.99,349.19,73.34,14.73,0.51,-1,-1,-1
59,5,255.70,385.77,102.32,15.18,0.86,-1,-1,-1
59,9,1867.18,336.85,53.15,19.67,0.25,-1,-1,-1
59,16,1866.93,340.60,52.71,17.41,0.27,-1,-1,-1
60,1,1239.04,401.36,284.32,76.59,0.95,-1,-1,-1
60,2,636.28,453.88,618.60,186.24,0.73,-1,-1,-1
60,3,1229.23,353.67,104.35,18.41,0.84,-1,-1,-1
60,4,500.42,369.45,101.64,15.41,0.82,-1,-1,-1
60,6,1584.01,349.57,75.91,13.95,0.50,-1,-1,-1
60,5,255.61,385.80,101.90,15.43,0.88,-1,-1,-1
60,16,1866.97,341.54,52.35,16.42,0.33,-1,-1,-1
61,1,1239.92,401.32,283.89,76.63,0.95,-1,-1,-1
61,2,636.31,454.61,617.79,185.61,0.72,-1,-1,-1
61,3,1232.99,353.89,99.91,17.61,0.69,-1,-1,-1
61,4,498.89,369.17,103.85,15.56,0.76,-1,-1,-1
61,6,1587.02,349.75,73.52,13.27,0.34,-1,-1,-1
61,5,256.15,386.42,104.09,14.91,0.83,-1,-1,-1
61,16,1867.80,341.08,51.22,16.85,0.21,-1,-1,-1
62,1,1241.04,401.72,283.15,76.38,0.95,-1,-1,-1
62,2,636.89,454.00,616.42,185.94,0.74,-1,-1,-1
62,3,1233.44,353.84,101.05,18.01,0.85,-1,-1,-1
62,4,499.26,369.68,103.20,15.49,0.75,-1,-1,-1
62,6,1585.68,349.17,76.25,13.56,0.54,-1,-1,-1
62,5,257.25,386.19,105.41,15.38,0.84,-1,-1,-1
62,16,1868.50,341.14,50.77,16.66,0.25,-1,-1,-1
62,14,351.20,326.78,97.15,18.47,0.24,-1,-1,-1
63,1,1241.47,402.52,284.05,75.54,0.95,-1,-1,-1
63,2,637.32,453.27,615.48,186.91,0.74,-1,-1,-1
63,3,1233.53,353.61,103.56,18.33,0.75,-1,-1,-1
63,4,498.48,369.66,103.75,15.54,0.63,-1,-1,-1
63,6,1594.00,347.41,69.49,15.00,0.46,-1,-1,-1
63,5,258.42,386.15,105.49,15.12,0.82,-1,-1,-1
63,16,1873.13,340.21,46.38,17.51,0.22,-1,-1,-1
64,1,1241.80,403.83,284.21,74.17,0.94,-1,-1,-1
64,2,637.05,453.79,615.94,186.63,0.74,-1,-1,-1
64,3,1235.63,353.65,102.36,18.81,0.86,-1,-1,-1
64,4,502.50,370.02,100.53,15.07,0.81,-1,-1,-1
64,6,1595.16,345.78,70.30,17.66,0.55,-1,-1,-1
64,5,258.47,386.19,104.16,15.42,0.85,-1,-1,-1
64,16,1873.40,340.40,46.13,18.09,0.36,-1,-1,-1
64,14,360.45,325.85,88.25,18.89,0.55,-1,-1,-1
65,1,1242.30,402.60,284.39,75.46,0.95,-1,-1,-1
65,2,636.97,453.90,615.83,186.92,0.74,-1,-1,-1
65,3,1236.09,354.38,104.09,18.17,0.82,-1,-1,-1
65,4,503.43,371.18,101.93,15.30,0.77,-1,-1,-1
65,6,1594.92,347.03,72.56,15.36,0.64,-1,-1,-1
65,5,260.48,385.62,102.60,15.71,0.88,-1,-1,-1
66,1,1242.92,401.87,284.49,76.20,0.94,-1,-1,-1
66,2,636.44,453.16,616.59,187.88,0.73,-1,-1,-1
66,3,1236.43,354.37,103.93,17.83,0.81,-1,-1,-1
66,4,505.90,371.12,98.98,15.13,0.76,-1,-1,-1
66,6,1590.11,347.28,77.46,15.45,0.63,-1,-1,-1
66,5,261.66,385.89,102.06,15.27,0.86,-1,-1,-1
67,1,1243.34,402.03,285.75,76.05,0.95,-1,-1,-1
67,2,635.43,452.90,618.96,188.46,0.68,-1,-1,-1
67,3,1237.36,354.23,104.98,17.69,0.80,-1,-1,-1
67,4,505.39,370.35,102.81,15.48,0.77,-1,-1,-1
67,6,1599.53,345.01,69.71,18.06,0.59,-1,-1,-1
67,5,262.36,386.14,105.03,15.11,0.80,-1,-1,-1
68,1,1243.41,399.84,286.53,78.25,0.95,-1,-1,-1
68,2,635.10,451.97,619.74,189.79,0.68,-1,-1,-1
68,3,1238.40,354.70,103.50,16.77,0.40,-1,-1,-1
68,4,506.63,371.62,93.93,14.27,0.79,-1,-1,-1
68,6,1602.66,346.46,67.80,15.87,0.27,-1,-1,-1
68,5,265.32,385.89,101.11,15.36,0.85,-1,-1,-1
69,1,1244.03,399.38,286.03,79.00,0.95,-1,-1,-1
69,2,634.48,453.29,620.49,188.53,0.70,-1,-1,-1
69,3,1236.64,353.51,105.79,17.90,0.83,-1,-1,-1
69,4,506.99,370.75,99.45,15.45,0.80,-1,-1,-1
69,6,1598.38,346.42,72.31,17.23,0.44,-1,-1,-1
69,5,265.19,386.22,100.91,15.11,0.81,-1,-1,-1
69,16,1882.94,342.43,36.33,16.16,0.25,-1,-1,-1
70,1,1244.56,400.31,286.81,78.06,0.95,-1,-1,-1
70,2,633.36,452.78,622.08,189.30,0.63,-1,-1,-1
70,3,1241.28,354.77,100.43,17.42,0.82,-1,-1,-1
70,4,508.73,371.14,103.42,14.99,0.77,-1,-1,-1
70,6,1604.15,347.98,68.19,14.10,0.30,-1,-1,-1
70,5,265.84,386.06,100.00,14.88,0.84,-1,-1,-1
71,1,1244.81,401.06,287.31,77.77,0.95,-1,-1,-1
71,2,633.21,453.01,621.90,188.96,0.65,-1,-1,-1
71,3,1243.41,354.53,99.85,17.56,0.82,-1,-1,-1
71,4,509.54,369.92,102.67,15.59,0.78,-1,-1,-1
71,6,1606.04,348.73,66.65,12.98,0.44,-1,-1,-1
71,5,267.27,386.21,98.96,14.45,0.83,-1,-1,-1
72,1,1245.73,399.57,286.97,79.41,0.95,-1,-1,-1
72,2,633.42,453.71,621.14,188.18,0.68,-1,-1,-1
72,3,1243.97,354.84,98.99,17.47,0.82,-1,-1,-1
72,4,512.78,370.33,101.76,16.08,0.33,-1,-1,-1
72,6,1602.00,346.75,73.76,15.53,0.41,-1,-1,-1
72,5,266.31,386.05,101.23,14.87,0.86,-1,-1,-1
73,1,1246.15,399.43,287.58,79.39,0.95,-1,-1,-1
73,2,633.04,452.97,620.12,189.43,0.69,-1,-1,-1
73,3,1243.98,355.28,98.05,17.49,0.87,-1,-1,-1
73,4,512.50,369.09,107.40,17.22,0.76,-1,-1,-1
73,6,1598.01,347.89,81.11,15.34,0.38,-1,-1,-1
73,5,266.08,386.39,102.99,14.49,0.80,-1,-1,-1
74,1,1246.70,399.25,288.14,79.31,0.95,-1,-1,-1
74,2,632.61,453.23,622.69,189.05,0.69,-1,-1,-1
74,3,1244.64,355.55,97.97,17.13,0.83,-1,-1,-1
74,4,519.30,368.70,100.10,17.19,0.75,-1,-1,-1
74,6,1600.16,348.77,79.84,15.54,0.68,-1,-1,-1
74,5,268.93,385.22,101.25,15.37,0.72,-1,-1,-1
75,1,1247.52,400.02,287.42,78.83,0.95,-1,-1,-1
75,2,632.42,453.09,620.54,188.99,0.72,-1,-1,-1
75,3,1245.35,354.52,100.82,17.83,0.82,-1,-1,-1
75,4,520.82,368.96,100.56,16.88,0.69,-1,-1,-1
75,6,1598.00,347.47,82.08,15.78,0.35,-1,-1,-1
75,5,265.97,385.82,105.54,15.35,0.83,-1,-1,-1
76,1,1248.16,400.41,287.25,78.47,0.95,-1,-1,-1
76,2,632.50,453.06,621.32,188.87,0.72,-1,-1,-1
76,3,1253.43,355.27,96.49,16.38,0.64,-1,-1,-1
76,4,518.24,368.87,102.11,16.79,0.79,-1,-1,-1
76,6,1606.96,345.74,72.89,17.09,0.53,-1,-1,-1
76,5,266.93,385.54,107.10,15.09,0.80,-1,-1,-1
77,1,1248.55,400.20,287.44,78.85,0.95,-1,-1,-1
77,2,633.10,453.18,620.22,188.10,0.72,-1,-1,-1
77,3,1249.61,354.08,100.69,17.71,0.85,-1,-1,-1
77,4,516.48,368.28,103.30,17.42,0.80,-1,-1,-1
77,6,1607.17,346.48,73.88,16.61,0.22,-1,-1,-1
77,5,267.78,386.47,104.49,14.77,0.80,-1,-1,-1
78,1,1249.11,401.48,287.43,77.56,0.95,-1,-1,-1
78,2,633.24,453.82,621.20,187.03,0.73,-1,-1,-1
78,3,1250.03,355.07,100.73,17.82,0.83,-1,-1,-1
78,4,515.11,369.29,108.45,17.54,0.79,-1,-1,-1
78,6,1607.54,344.33,75.00,18.31,0.60,-1,-1,-1
78,5,268.80,385.93,104.35,15.01,0.84,-1,-1,-1
79,1,1249.87,401.52,287.11,77.46,0.95,-1,-1,-1
79,2,632.74,454.02,621.48,186.50,0.74,-1,-1,-1
79,3,1248.86,354.42,101.78,18.09,0.83,-1,-1,-1
79,4,514.34,369.03,108.12,17.87,0.78,-1,-1,-1
79,6,1611.05,345.29,73.09,18.22,0.44,-1,-1,-1
79,5,271.72,384.38,103.29,15.82,0.86,-1,-1,-1
80,1,1250.22,400.59,287.61,78.30,0.95,-1,-1,-1
80,2,633.13,454.26,621.63,185.68,0.74,-1,-1,-1
80,3,1256.75,354.16,97.24,18.01,0.66,-1,-1,-1
80,4,524.77,370.02,97.43,17.32,0.55,-1,-1,-1
80,6,1619.92,345.01,64.55,17.86,0.39,-1,-1,-1
80,5,270.76,385.56,105.64,15.58,0.85,-1,-1,-1
81,1,1250.93,401.67,288.03,77.48,0.95,-1,-1,-1
81,2,632.41,454.17,622.31,185.98,0.74,-1,-1,-1
81,3,1253.98,353.87,99.45,18.05,0.84,-1,-1,-1
81,4,513.65,369.82,105.95,17.26,0.33,-1,-1,-1
81,6,1619.58,346.62,65.05,16.19,0.40,-1,-1,-1
81,5,273.52,385.30,103.51,15.76,0.82,-1,-1,-1
82,1,1251.56,401.87,289.14,77.12,0.94,-1,-1,-1
82,2,630.03,452.28,624.10,187.89,0.67,-1,-1,-1
82,3,1252.25,353.66,102.62,18.25,0.69,-1,-1,-1
82,4,519.24,369.71,100.55,16.68,0.60,-1,-1,-1
82,6,1615.34,343.51,71.17,20.10,0.63,-1,-1,-1
82,5,271.86,385.51,104.90,15.26,0.82,-1,-1,-1
83,1,1251.75,402.97,288.56,76.12,0.94,-1,-1,-1
83,2,629.07,452.59,625.13,187.45,0.68,-1,-1,-1
83,3,1254.48,353.35,100.02,18.34,0.82,-1,-1,-1
83,4,510.94,368.99,113.34,18.40,0.61,-1,-1,-1
83,6,1616.26,345.17,71.02,18.14,0.48,-1,-1,-1
83,5,274.35,385.90,104.04,14.77,0.80,-1,-1,-1
84,1,1251.67,401.05,289.43,78.12,0.95,-1,-1,-1
84,2,627.64,452.40,624.78,187.93,0.70,-1,-1,-1
84,3,1252.03,353.46,108.28,19.06,0.84,-1,-1,-1
84,4,517.22,368.20,108.73,18.95,0.77,-1,-1,-1
84,6,1617.73,345.40,70.77,17.56,0.60,-1,-1,-1
84,5,274.51,384.90,106.65,15.55,0.72,-1,-1,-1
85,1,1252.06,401.18,290.81,78.12,0.94,-1,-1,-1
85,2,627.89,452.44,624.19,188.67,0.66,-1,-1,-1
85,3,1254.63,353.50,104.95,17.69,0.52,-1,-1,-1
85,4,520.96,368.97,102.89,18.17,0.79,-1,-1,-1
85,6,1616.38,345.49,75.14,16.81,0.56,-1,-1,-1
85,5,271.14,384.12,111.55,15.75,0.69,-1,-1,-1
86,1,1252.01,400.36,291.82,79.13,0.94,-1,-1,-1
86,2,627.79,453.06,623.75,188.29,0.68,-1,-1,-1
86,3,1256.10,353.00,106.43,18.08,0.81,-1,-1,-1
86,4,523.46,369.05,102.02,16.56,0.75,-1,-1,-1
86,6,1615.51,342.02,76.41,21.34,0.63,-1,-1,-1
86,5,260.15,383.86,119.95,17.22,0.67,-1,-1,-1
87,1,1253.01,400.37,291.45,79.52,0.94,-1,-1,-1
87,2,627.33,453.07,624.84,188.02,0.70,-1,-1,-1
87,3,1259.00,353.44,102.35,18.23,0.83,-1,-1,-1
87,4,522.12,368.38,104.06,17.40,0.57,-1,-1,-1
87,6,1614.82,343.60,77.66,18.50,0.26,-1,-1,-1
87,5,259.99,383.72,119.37,17.01,0.22,-1,-1,-1
88,1,1253.73,401.00,291.66,78.87,0.94,-1,-1,-1
88,2,625.62,453.15,625.52,187.94,0.70,-1,-1,-1
88,3,1259.43,352.97,105.08,19.04,0.81,-1,-1,-1
88,4,520.08,368.80,109.08,17.54,0.51,-1,-1,-1
88,5,272.08,384.04,109.32,16.43,0.66,-1,-1,-1
89,1,1254.21,401.23,291.74,78.69,0.94,-1,-1,-1
89,2,623.93,453.44,627.11,187.35,0.70,-1,-1,-1
89,3,1259.35,352.26,105.49,19.40,0.85,-1,-1,-1
89,4,511.67,368.04,114.85,18.47,0.64,-1,-1,-1
89,5,265.03,383.93,118.00,15.69,0.57,-1,-1,-1
89,6,1616.87,344.61,77.78,17.89,0.29,-1,-1,-1
90,1,1254.46,400.77,292.16,79.18,0.94,-1,-1,-1
90,2,624.11,452.76,627.25,187.72,0.71,-1,-1,-1
90,3,1259.43,352.54,105.90,18.60,0.79,-1,-1,-1
90,4,524.73,368.69,104.87,17.42,0.25,-1,-1,-1
90,5,266.42,383.80,117.14,15.38,0.66,-1,-1,-1
90,6,1622.59,344.69,74.73,18.25,0.50,-1,-1,-1
91,1,1255.20,403.59,291.41,76.10,0.94,-1,-1,-1
91,2,624.04,453.19,628.01,187.28,0.69,-1,-1,-1
91,3,1260.04,353.25,107.26,18.45,0.82,-1,-1,-1
91,4,526.65,368.26,105.62,18.36,0.60,-1,-1,-1
91,5,266.42,384.27,117.79,15.81,0.72,-1,-1,-1
91,6,1628.89,346.95,70.06,15.69,0.47,-1,-1,-1
92,1,1254.80,402.38,292.57,77.96,0.90,-1,-1,-1
92,2,623.54,452.29,628.47,188.27,0.68,-1,-1,-1
92,3,1260.20,353.14,107.99,18.91,0.83,-1,-1,-1
92,4,529.17,367.89,104.29,18.16,0.79,-1,-1,-1
92,5,273.55,384.62,111.69,15.85,0.72,-1,-1,-1
92,6,1630.73,347.72,69.04,15.75,0.59,-1,-1,-1
93,1,1255.19,403.48,293.36,77.36,0.95,-1,-1,-1
93,2,621.97,451.94,629.11,188.92,0.71,-1,-1,-1
93,3,1261.05,353.13,105.99,18.71,0.85,-1,-1,-1
93,4,528.80,366.79,107.01,18.93,0.80,-1,-1,-1
93,5,271.94,384.68,113.48,15.90,0.76,-1,-1,-1
93,6,1631.05,349.36,68.80,13.49,0.60,-1,-1,-1
94,1,1256.41,404.93,292.68,75.22,0.93,-1,-1,-1
94,2,621.15,451.92,631.00,189.13,0.67,-1,-1,-1
94,3,1261.40,353.15,106.56,18.55,0.82,-1,-1,-1
94,4,528.75,367.64,108.19,18.71,0.77,-1,-1,-1
94,5,275.83,384.67,110.31,15.61,0.71,-1,-1,-1
95,1,1256.48,404.31,292.72,76.19,0.94,-1,-1,-1
95,2,620.35,451.49,630.97,189.55,0.71,-1,-1,-1
95,3,1262.33,353.20,104.92,19.00,0.87,-1,-1,-1
95,4,529.78,367.62,106.55,17.72,0.76,-1,-1,-1
95,5,280.74,385.70,106.22,14.93,0.77,-1,-1,-1
95,6,1631.15,349.93,69.77,13.07,0.48,-1,-1,-1
96,1,1256.92,404.39,293.23,75.88,0.95,-1,-1,-1
96,2,620.37,452.11,629.70,189.15,0.71,-1,-1,-1
96,3,1262.91,353.82,104.78,19.09,0.82,-1,-1,-1
96,4,530.53,367.97,108.90,18.46,0.75,-1,-1,-1
96,5,274.11,384.30,113.95,15.69,0.70,-1,-1,-1
97,1,1257.45,403.98,294.23,76.41,0.95,-1,-1,-1
97,2,620.55,452.47,628.80,188.47,0.73,-1,-1,-1
97,3,1267.15,355.05,100.68,18.03,0.83,-1,-1,-1
97,4,530.50,367.42,110.18,18.08,0.77,-1,-1,-1
97,5,280.93,384.76,108.43,15.60,0.78,-1,-1,-1
97,6,1638.53,349.87,64.90,12.56,0.66,-1,-1,-1
98,1,1257.42,404.32,294.39,76.36,0.95,-1,-1,-1
98,2,621.23,452.66,628.24,187.50,0.75,-1,-1,-1
98,3,1268.86,353.84,100.94,18.43,0.85,-1,-1,-1
98,4,531.18,366.94,110.29,17.70,0.78,-1,-1,-1
98,5,270.50,383.86,118.48,15.83,0.67,-1,-1,-1
98,6,1636.19,349.21,72.02,14.77,0.47,-1,-1,-1
99,1,1258.41,404.49,294.83,75.86,0.94,-1,-1,-1
99,2,621.63,453.01,627.29,187.03,0.76,-1,-1,-1
99,3,1270.09,353.17,102.93,18.52,0.82,-1,-1,-1
99,4,537.42,367.43,104.68,17.29,0.66,-1,-1,-1
99,5,271.36,384.25,120.27,16.51,0.65,-1,-1,-1
99,6,1635.88,348.64,71.45,15.05,0.20,-1,-1,-1
100,1,1259.96,402.42,294.23,78.09,0.95,-1,-1,-1
100,2,621.40,452.63,627.58,187.27,0.75,-1,-1,-1
100,3,1271.38,354.04,104.03,17.50,0.77,-1,-1,-1
100,4,540.32,368.52,101.09,16.79,0.76,-1,-1,-1
100,5,280.61,385.46,112.06,16.06,0.77,-1,-1,-1
100,6,1636.71,348.49,70.67,13.92,0.28,-1,-1,-1
101,1,1261.02,403.47,294.53,76.97,0.94,-1,-1,-1
101,2,621.08,453.91,628.21,185.97,0.78,-1,-1,-1
101,3,1271.40,353.43,104.31,18.21,0.84,-1,-1,-1
101,4,542.17,368.76,100.40,17.54,0.73,-1,-1,-1
101,5,282.55,385.51,110.81,15.78,0.71,-1,-1,-1
101,6,1637.90,349.73,72.96,13.61,0.52,-1,-1,-1
102,1,1262.34,404.53,293.30,75.80,0.94,-1,-1,-1
102,2,619.51,453.96,629.94,185.65,0.76,-1,-1,-1
102,3,1271.28,354.40,102.43,17.94,0.79,-1,-1,-1
102,4,543.12,367.45,101.51,17.86,0.79,-1,-1,-1
102,5,284.96,385.68,108.75,15.53,0.68,-1,-1,-1
102,6,1639.25,348.03,73.58,16.32,0.34,-1,-1,-1
103,1,1263.62,404.90,293.31,75.42,0.94,-1,-1,-1
103,2,619.30,453.80,628.93,186.07,0.79,-1,-1,-1
103,3,1271.36,353.80,102.96,18.55,0.88,-1,-1,-1
103,4,542.06,366.79,102.58,18.13,0.77,-1,-1,-1
103,5,287.79,384.80,110.21,14.93,0.70,-1,-1,-1
103,6,1642.64,350.42,69.82,14.31,0.62,-1,-1,-1
104,1,1264.25,403.77,293.57,76.27,0.95,-1,-1,-1
104,2,618.66,454.77,629.23,185.67,0.78,-1,-1,-1
104,3,1271.63,353.73,103.54,18.67,0.84,-1,-1,-1
104,4,541.17,366.41,105.04,18.69,0.79,-1,-1,-1
104,5,296.64,384.61,101.32,14.07,0.53,-1,-1,-1
105,1,1264.56,405.21,294.04,75.33,0.94,-1,-1,-1
105,2,618.26,454.67,628.42,185.75,0.80,-1,-1,-1
105,3,1274.05,354.10,101.91,18.36,0.86,-1,-1,-1
105,4,537.25,366.97,110.66,19.58,0.70,-1,-1,-1
105,5,280.43,384.31,115.63,15.44,0.51,-1,-1,-1
105,6,1650.94,350.89,63.27,12.78,0.29,-1,-1,-1
106,1,1264.63,405.41,294.60,75.19,0.94,-1,-1,-1
106,2,617.99,453.38,629.02,186.82,0.75,-1,-1,-1
106,3,1274.45,353.36,106.31,19.19,0.90,-1,-1,-1
106,4,542.07,367.01,105.92,18.91,0.80,-1,-1,-1
106,5,290.56,384.41,107.70,14.36,0.75,-1,-1,-1
106,6,1650.18,351.97,67.31,11.01,0.65,-1,-1,-1
107,1,1264.76,405.10,295.15,75.41,0.94,-1,-1,-1
107,2,617.97,453.84,629.08,186.41,0.74,-1,-1,-1
107,3,1271.78,353.61,107.51,19.15,0.84,-1,-1,-1
107,4,547.51,367.72,99.45,17.28,0.49,-1,-1,-1
107,5,284.12,384.80,114.46,14.70,0.43,-1,-1,-1
107,6,1649.25,350.55,69.60,13.19,0.53,-1,-1,-1
108,1,1265.29,405.81,295.27,74.84,0.94,-1,-1,-1
108,2,618.18,452.86,630.26,187.53,0.74,-1,-1,-1
108,3,1275.73,353.00,106.43,19.94,0.86,-1,-1,-1
108,4,555.15,368.25,93.47,16.93,0.74,-1,-1,-1
108,5,294.52,384.75,105.48,14.46,0.77,-1,-1,-1
108,6,1648.91,350.53,69.92,12.51,0.59,-1,-1,-1
109,1,1266.58,405.91,294.42,74.69,0.94,-1,-1,-1
109,2,618.33,454.09,631.08,186.30,0.75,-1,-1,-1
109,3,1278.18,353.27,105.22,19.11,0.82,-1,-1,-1
109,4,546.55,368.10,98.57,17.75,0.26,-1,-1,-1
109,5,292.87,384.00,108.04,14.36,0.62,-1,-1,-1
110,1,1267.39,404.45,294.85,76.38,0.94,-1,-1,-1
110,2,618.56,455.27,631.78,185.30,0.70,-1,-1,-1
110,3,1278.57,353.08,106.54,19.54,0.82,-1,-1,-1
110,4,541.58,368.05,104.20,17.89,0.27,-1,-1,-1
110,5,295.87,383.68,107.82,14.61,0.76,-1,-1,-1
110,6,1655.01,351.53,66.20,11.54,0.42,-1,-1,-1
111,1,1268.04,404.94,294.93,75.86,0.94,-1,-1,-1
111,2,617.03,453.24,634.14,187.80,0.67,-1,-1,-1
111,3,1278.77,352.10,108.66,20.43,0.88,-1,-1,-1
111,4,541.67,367.47,107.85,18.68,0.76,-1,-1,-1
111,5,301.87,384.64,102.00,14.03,0.73,-1,-1,-1
111,6,1649.41,349.96,75.18,14.95,0.49,-1,-1,-1
112,1,1268.26,404.46,295.31,76.56,0.94,-1,-1,-1
112,2,616.11,453.54,635.08,187.50,0.69,-1,-1,-1
112,3,1279.56,352.29,107.82,19.99,0.85,-1,-1,-1
112,4,550.15,367.76,100.81,17.81,0.48,-1,-1,-1
112,5,303.87,384.58,100.65,13.90,0.77,-1,-1,-1
112,6,1645.95,350.62,78.98,14.00,0.31,-1,-1,-1
113,1,1269.01,404.32,295.19,76.51,0.94,-1,-1,-1
113,2,615.66,453.56,634.95,187.52,0.66,-1,-1,-1
113,3,1281.38,352.37,106.71,19.78,0.85,-1,-1,-1
113,5,304.59,383.96,102.20,14.63,0.80,-1,-1,-1
113,6,1649.02,348.24,77.26,16.87,0.62,-1,-1,-1
114,1,1270.31,404.25,295.49,76.59,0.94,-1,-1,-1
114,2,615.51,452.95,634.65,187.63,0.69,-1,-1,-1
114,3,1283.63,352.53,104.93,19.70,0.88,-1,-1,-1
114,5,304.61,384.42,102.28,14.38,0.72,-1,-1,-1
114,6,1648.31,349.94,79.39,14.90,0.62,-1,-1,-1
114,4,542.06,367.56,111.13,18.39,0.63,-1,-1,-1
115,1,1270.85,403.94,295.72,76.68,0.94,-1,-1,-1
115,2,615.30,453.37,635.70,186.81,0.66,-1,-1,-1
115,3,1282.32,352.50,107.87,19.89,0.83,-1,-1,-1
115,6,1649.99,348.07,78.79,16.16,0.62,-1,-1,-1
115,4,549.72,367.41,103.74,18.21,0.77,-1,-1,-1
116,1,1271.06,403.97,296.14,76.42,0.94,-1,-1,-1
116,2,615.65,453.41,635.17,186.86,0.64,-1,-1,-1
116,3,1282.64,352.67,108.70,19.52,0.85,-1,-1,-1
116,6,1652.37,349.07,78.37,15.82,0.53,-1,-1,-1
116,4,551.29,368.58,99.34,16.96,0.54,-1,-1,-1
116,5,298.20,384.61,108.94,14.58,0.71,-1,-1,-1
117,1,1271.21,403.18,296.83,77.40,0.95,-1,-1,-1
117,2,615.77,453.69,634.54,186.93,0.65,-1,-1,-1
117,3,1283.01,352.65,108.93,19.99,0.84,-1,-1,-1
117,6,1654.37,349.22,77.09,15.58,0.57,-1,-1,-1
117,4,550.89,367.76,101.05,16.95,0.71,-1,-1,-1
117,5,306.53,383.97,101.94,14.30,0.77,-1,-1,-1
118,1,1271.53,402.82,298.12,78.08,0.95,-1,-1,-1
118,2,616.46,454.82,634.17,185.67,0.67,-1,-1,-1
118,3,1284.67,353.12,107.52,19.12,0.84,-1,-1,-1
118,6,1656.22,350.43,75.66,13.96,0.43,-1,-1,-1
118,4,550.97,367.59,103.43,17.32,0.74,-1,-1,-1
118,5,307.53,384.53,100.83,13.65,0.71,-1,-1,-1
119,1,1271.66,401.45,298.49,79.36,0.95,-1,-1,-1
119,2,616.05,454.41,634.20,186.36,0.71,-1,-1,-1
119,3,1285.92,353.21,107.84,18.68,0.80,-1,-1,-1
119,6,1655.10,349.89,78.84,15.07,0.49,-1,-1,-1
119,4,552.87,366.86,103.99,17.35,0.63,-1,-1,-1
119,5,310.95,384.22,99.02,14.20,0.84,-1,-1,-1
120,1,1272.16,402.43,298.27,78.36,0.95,-1,-1,-1
120,2,616.06,454.18,634.67,186.64,0.67,-1,-1,-1
120,3,1286.42,353.55,105.66,18.27,0.80,-1,-1,-1
120,6,1662.08,349.35,74.14,15.21,0.39,-1,-1,-1
120,4,557.44,366.79,99.99,16.74,0.57,-1,-1,-1
120,5,313.22,384.62,98.19,13.65,0.82,-1,-1,-1
121,1,1273.20,402.21,298.15,78.51,0.95,-1,-1,-1
121,2,614.84,453.95,637.19,187.24,0.66,-1,-1,-1
121,3,1286.82,354.03,105.96,17.82,0.83,-1,-1,-1
121,6,1665.21,349.33,72.98,15.15,0.59,-1,-1,-1
121,4,557.44,366.72,103.84,17.32,0.77,-1,-1,-1
121,5,314.27,384.65,98.34,13.60,0.57,-1,-1,-1
122,1,1274.20,402.01,298.11,78.59,0.95,-1,-1,-1
122,2,613.85,453.05,639.98,187.56,0.75,-1,-1,-1
122,3,1286.25,353.16,110.05,18.63,0.83,-1,-1,-1
122,6,1666.02,348.29,72.73,16.38,0.62,-1,-1,-1
122,4,557.90,366.76,103.95,16.80,0.72,-1,-1,-1
122,5,316.39,384.31,96.44,13.71,0.83,-1,-1,-1
123,1,1275.51,403.13,297.85,77.64,0.95,-1,-1,-1
123,2,613.36,453.49,640.84,186.88,0.76,-1,-1,-1
123,3,1290.75,353.99,106.35,17.85,0.84,-1,-1,-1
123,6,1667.07,350.08,74.27,13.74,0.57,-1,-1,-1
123,4,564.67,366.84,97.80,16.98,0.78,-1,-1,-1
123,5,317.61,383.56,97.33,14.45,0.75,-1,-1,-1
124,1,1276.36,403.62,297.38,76.72,0.95,-1,-1,-1
124,2,613.94,453.51,638.75,186.75,0.66,-1,-1,-1
124,3,1290.56,353.99,107.36,18.22,0.83,-1,-1,-1
124,6,1667.83,347.12,72.94,16.65,0.37,-1,-1,-1
124,4,563.35,367.12,97.20,16.33,0.42,-1,-1,-1
124,5,316.82,383.15,98.77,14.72,0.76,-1,-1,-1
125,1,1277.14,404.41,296.85,75.50,0.94,-1,-1,-1
125,2,614.31,453.95,637.84,186.37,0.69,-1,-1,-1
125,3,1291.12,353.86,107.77,18.31,0.82,-1,-1,-1
125,6,1667.58,348.50,73.05,14.95,0.35,-1,-1,-1
125,4,567.53,368.03,88.44,15.73,0.57,-1,-1,-1
125,5,317.96,383.44,97.06,14.77,0.87,-1,-1,-1
126,1,1277.50,404.16,297.55,75.64,0.95,-1,-1,-1
126,2,612.99,453.10,638.32,187.28,0.76,-1,-1,-1
126,3,1292.97,353.54,109.95,17.94,0.79,-1,-1,-1
126,6,1665.84,348.49,77.90,14.45,0.37,-1,-1,-1
126,4,566.66,368.48,92.50,16.09,0.66,-1,-1,-1
126,5,320.47,383.36,96.16,14.70,0.58,-1,-1,-1
127,1,1277.67,403.28,298.04,76.63,0.95,-1,-1,-1
127,2,611.75,454.10,639.04,186.83,0.78,-1,-1,-1
127,3,1293.51,353.41,107.97,17.86,0.83,-1,-1,-1
127,6,1666.55,348.63,74.76,13.44,0.20,-1,-1,-1
127,5,321.28,383.32,96.67,14.76,0.81,-1,-1,-1
128,1,1277.82,403.23,298.95,76.83,0.95,-1,-1,-1
128,2,610.91,453.38,639.04,187.47,0.76,-1,-1,-1
128,3,1293.87,354.48,107.35,17.61,0.79,-1,-1,-1
128,6,1673.24,348.24,71.71,14.98,0.55,-1,-1,-1
128,5,321.78,383.05,96.97,15.26,0.91,-1,-1,-1
128,4,566.39,368.60,98.02,15.88,0.70,-1,-1,-1
129,1,1277.83,402.46,299.50,77.67,0.95,-1,-1,-1
129,2,610.00,454.10,638.66,186.43,0.79,-1,-1,-1
129,3,1294.46,354.58,106.82,17.18,0.77,-1,-1,-1
129,6,1684.92,349.43,61.10,13.10,0.22,-1,-1,-1
129,5,323.17,383.25,97.13,15.07,0.86,-1,-1,-1
130,1,1278.94,402.69,299.84,77.84,0.95,-1,-1,-1
130,2,609.52,453.47,638.90,186.84,0.76,-1,-1,-1
130,3,1294.24,353.89,106.53,17.81,0.79,-1,-1,-1
130,6,1671.55,349.57,74.77,13.99,0.47,-1,-1,-1
130,5,322.43,383.60,98.32,14.70,0.83,-1,-1,-1
130,4,564.85,368.36,103.18,16.74,0.70,-1,-1,-1
131,1,1279.26,402.01,300.01,78.21,0.95,-1,-1,-1
131,2,609.34,455.57,637.29,184.80,0.83,-1,-1,-1
131,3,1294.11,353.00,111.24,18.77,0.82,-1,-1,-1
131,5,323.57,383.53,98.46,14.70,0.85,-1,-1,-1
131,4,565.37,369.73,93.87,15.26,0.37,-1,-1,-1
132,1,1280.06,401.44,299.47,79.04,0.95,-1,-1,-1
132,2,608.97,454.83,636.70,185.85,0.81,-1,-1,-1
132,3,1293.87,352.43,112.81,19.14,0.85,-1,-1,-1
132,5,324.83,383.71,95.46,14.42,0.87,-1,-1,-1
132,4,563.48,369.47,100.31,15.74,0.66,-1,-1,-1
132,6,1678.80,349.09,68.40,14.43,0.39,-1,-1,-1
133,1,1280.28,399.83,300.23,81.09,0.95,-1,-1,-1
133,2,608.80,454.56,639.17,185.91,0.79,-1,-1,-1
133,3,1296.44,353.05,109.98,18.84,0.81,-1,-1,-1
133,5,325.09,383.01,97.80,15.09,0.87,-1,-1,-1
133,4,569.13,367.86,99.34,15.44,0.43,-1,-1,-1
133,6,1678.07,347.94,71.07,16.64,0.57,-1,-1,-1
134,1,1280.62,399.16,300.17,81.92,0.95,-1,-1,-1
134,2,609.10,454.96,640.21,185.18,0.77,-1,-1,-1
134,3,1298.45,352.72,108.62,19.67,0.78,-1,-1,-1
134,5,327.17,383.07,97.95,14.95,0.85,-1,-1,-1
134,4,563.77,367.21,107.05,17.05,0.78,-1,-1,-1
134,6,1680.49,347.57,70.15,16.99,0.46,-1,-1,-1
135,1,1280.94,400.29,300.20,80.31,0.95,-1,-1,-1
135,2,608.86,453.79,640.34,186.01,0.81,-1,-1,-1
135,3,1302.40,353.63,106.95,17.95,0.78,-1,-1,-1
135,5,326.58,383.34,97.68,15.03,0.88,-1,-1,-1
135,4,572.85,367.17,98.97,15.70,0.43,-1,-1,-1
136,1,1281.89,399.64,299.47,80.82,0.95,-1,-1,-1
136,2,609.55,455.22,639.15,184.28,0.84,-1,-1,-1
136,3,1303.89,353.01,108.16,19.24,0.77,-1,-1,-1
136,5,326.81,383.28,99.69,15.10,0.87,-1,-1,-1
136,6,1680.39,348.90,71.98,15.42,0.46,-1,-1,-1
137,1,1282.22,400.58,300.17,80.03,0.95,-1,-1,-1
137,2,610.07,454.60,638.97,184.58,0.81,-1,-1,-1
137,3,1303.98,352.93,108.11,19.13,0.73,-1,-1,-1
137,5,329.29,383.27,96.85,14.79,0.88,-1,-1,-1
137,6,1678.40,347.48,74.86,17.37,0.58,-1,-1,-1
137,4,568.45,367.41,103.55,17.31,0.68,-1,-1,-1
138,1,1282.27,401.15,300.87,79.39,0.95,-1,-1,-1
138,2,609.52,455.24,639.26,183.86,0.83,-1,-1,-1
138,3,1306.32,353.27,106.56,18.64,0.82,-1,-1,-1
138,5,330.49,383.33,95.45,14.67,0.85,-1,-1,-1
138,6,1679.87,348.34,76.01,16.08,0.59,-1,-1,-1
138,4,571.48,367.52,101.08,16.72,0.70,-1,-1,-1
139,1,1282.71,400.34,301.14,80.19,0.95,-1,-1,-1
139,2,609.38,453.49,640.07,185.67,0.76,-1,-1,-1
139,3,1308.34,352.45,106.69,19.98,0.82,-1,-1,-1
139,5,332.19,383.04,96.02,15.04,0.88,-1,-1,-1
139,6,1678.86,347.84,80.49,16.99,0.40,-1,-1,-1
139,4,568.44,367.65,103.32,17.11,0.69,-1,-1,-1
140,1,1283.14,400.29,301.31,80.47,0.95,-1,-1,-1
140,2,607.50,454.85,641.37,184.25,0.81,-1,-1,-1
140,3,1305.77,352.19,110.28,20.37,0.82,-1,-1,-1
140,5,332.90,383.17,95.17,14.80,0.87,-1,-1,-1
140,6,1683.58,348.38,76.90,16.34,0.60,-1,-1,-1
140,4,571.40,368.30,101.67,17.34,0.74,-1,-1,-1
141,1,1283.41,400.39,302.46,80.62,0.95,-1,-1,-1
141,2,606.27,453.88,643.40,185.72,0.76,-1,-1,-1
141,3,1308.19,352.51,109.28,19.79,0.84,-1,-1,-1
141,5,334.50,383.62,95.52,14.41,0.84,-1,-1,-1
141,6,1683.66,345.09,77.69,19.65,0.57,-1,-1,-1
141,4,571.34,368.47,99.95,17.58,0.33,-1,-1,-1
142,1,1283.49,400.32,303.94,80.73,0.95,-1,-1,-1
142,2,605.12,454.33,645.14,185.53,0.47,-1,-1,-1
142,3,1308.52,352.20,108.33,19.92,0.78,-1,-1,-1
142,5,335.52,383.64,94.69,14.57,0.87,-1,-1,-1
142,6,1680.71,345.90,81.47,19.46,0.40,-1,-1,-1
142,4,581.62,368.39,92.95,16.99,0.27,-1,-1,-1
143,1,1284.34,400.10,303.28,80.95,0.95,-1,-1,-1
143,2,610.30,455.80,615.67,184.18,0.28,-1,-1,-1
143,3,1308.50,353.47,108.42,19.58,0.84,-1,-1,-1
143,5,336.65,382.13,94.75,16.11,0.89,-1,-1,-1
143,6,1686.82,348.78,75.94,15.56,0.24,-1,-1,-1
144,1,1285.39,400.64,302.89,80.47,0.95,-1,-1,-1
144,2,612.64,455.63,603.86,183.78,0.27,-1,-1,-1
144,3,1308.44,352.74,107.85,20.05,0.82,-1,-1,-1
144,5,338.28,382.90,92.93,15.47,0.88,-1,-1,-1
144,6,1684.22,349.49,78.39,15.23,0.59,-1,-1,-1
144,4,581.52,370.00,77.29,15.11,0.26,-1,-1,-1
145,1,1286.66,400.56,302.51,80.65,0.95,-1,-1,-1
145,2,609.82,454.17,626.49,185.12,0.62,-1,-1,-1
145,3,1308.82,353.72,107.73,19.00,0.81,-1,-1,-1
145,5,337.51,383.31,93.94,15.13,0.87,-1,-1,-1
145,6,1687.23,349.92,76.90,15.30,0.65,-1,-1,-1
145,28,28.20,349.57,79.14,18.64,0.26,-1,-1,-1
145,4,572.35,368.41,91.15,15.75,0.58,-1,-1,-1
146,1,1287.31,401.64,302.85,79.49,0.95,-1,-1,-1
146,2,608.30,453.26,636.17,185.55,0.74,-1,-1,-1
146,3,1310.40,354.82,105.79,18.60,0.84,-1,-1,-1
146,5,338.91,382.96,93.44,15.18,0.87,-1,-1,-1
146,6,1689.24,347.97,77.05,17.51,0.49,-1,-1,-1
146,28,42.74,350.12,73.75,18.10,0.33,-1,-1,-1
146,4,574.61,367.67,100.13,16.64,0.64,-1,-1,-1
147,1,1287.98,399.96,302.81,81.09,0.95,-1,-1,-1
147,2,607.75,452.45,638.86,185.92,0.56,-1,-1,-1
147,3,1310.75,354.33,106.60,18.25,0.79,-1,-1,-1
147,5,342.26,383.78,90.95,14.48,0.80,-1,-1,-1
147,6,1693.20,349.48,77.14,14.82,0.48,-1,-1,-1
147,28,41.64,350.30,87.12,18.58,0.29,-1,-1,-1
147,4,574.56,366.66,103.95,17.03,0.60,-1,-1,-1
148,1,1288.16,402.03,303.35,78.90,0.95,-1,-1,-1
148,2,606.69,451.64,640.39,186.20,0.31,-1,-1,-1
148,3,1310.08,354.29,108.31,18.38,0.85,-1,-1,-1
148,5,339.72,383.62,95.57,14.61,0.42,-1,-1,-1
148,6,1692.01,350.73,79.59,13.62,0.47,-1,-1,-1
148,28,39.77,349.95,93.37,19.47,0.27,-1,-1,-1
148,4,575.90,367.06,103.78,17.35,0.79,-1,-1,-1
149,1,1288.54,402.40,304.14,78.19,0.95,-1,-1,-1
149,2,604.84,452.48,641.92,185.67,0.32,-1,-1,-1
149,3,1312.10,354.70,107.90,18.30,0.87,-1,-1,-1
149,5,342.25,382.93,91.99,15.01,0.88,-1,-1,-1
149,6,1695.70,351.04,74.12,12.35,0.21,-1,-1,-1
149,28,35.45,351.05,90.87,17.98,0.27,-1,-1,-1
149,4,575.03,368.32,93.90,16.46,0.72,-1,-1,-1
150,1,1288.88,402.87,304.40,77.75,0.95,-1,-1,-1
150,2,604.11,451.56,644.04,187.03,0.60,-1,-1,-1
150,3,1317.09,354.01,103.70,18.15,0.76,-1,-1,-1
150,5,345.47,382.78,91.68,14.95,0.79,-1,-1,-1
150,4,575.86,367.80,103.83,17.27,0.66,-1,-1,-1
150,29,1691.27,346.27,80.80,17.95,0.38,-1,-1,-1
151,1,1289.60,400.68,303.85,80.22,0.94,-1,-1,-1
151,2,604.29,450.24,644.14,188.28,0.80,-1,-1,-1
151,3,1317.58,353.95,103.14,18.05,0.82,-1,-1,-1
151,5,346.64,382.38,93.04,15.05,0.80,-1,-1,-1
151,4,574.36,366.53,111.53,18.83,0.80,-1,-1,-1
152,1,1290.71,399.87,304.52,81.09,0.94,-1,-1,-1
152,2,604.72,450.16,644.75,188.27,0.83,-1,-1,-1
152,3,1314.15,354.16,108.00,18.20,0.81,-1,-1,-1
152,5,347.37,382.65,91.65,14.64,0.86,-1,-1,-1
152,6,1703.24,349.90,68.56,13.83,0.23,-1,-1,-1
153,1,1290.88,399.12,305.70,81.74,0.94,-1,-1,-1
153,2,603.13,449.52,646.82,189.08,0.33,-1,-1,-1
153,3,1319.08,354.17,103.42,17.60,0.81,-1,-1,-1
153,5,346.22,382.84,92.70,14.35,0.81,-1,-1,-1
153,6,1697.30,350.73,77.91,13.21,0.72,-1,-1,-1
153,4,577.81,366.48,112.53,17.58,0.39,-1,-1,-1
154,1,1291.59,399.07,305.20,81.49,0.94,-1,-1,-1
154,3,1318.37,354.16,105.40,17.80,0.84,-1,-1,-1
154,5,345.30,382.88,93.81,14.07,0.70,-1,-1,-1
154,4,578.71,366.97,106.03,17.12,0.20,-1,-1,-1
155,1,1292.08,398.45,305.29,82.42,0.95,-1,-1,-1
155,3,1317.51,353.70,107.45,18.30,0.77,-1,-1,-1
155,5,349.42,382.92,90.41,14.01,0.73,-1,-1,-1
155,4,579.44,366.75,109.76,17.21,0.75,-1,-1,-1
155,2,605.75,450.18,619.74,188.86,0.29,-1,-1,-1
155,6,1697.65,350.69,79.92,14.58,0.67,-1,-1,-1
156,1,1293.96,399.47,304.69,81.24,0.94,-1,-1,-1
156,3,1317.67,353.58,109.13,18.56,0.83,-1,-1,-1
156,5,352.90,382.55,87.38,13.98,0.71,-1,-1,-1
156,4,582.02,366.62,109.47,17.11,0.77,-1,-1,-1
156,2,606.19,451.61,612.51,187.63,0.32,-1,-1,-1
156,6,1699.31,350.42,78.72,14.61,0.44,-1,-1,-1
157,1,1295.12,400.74,304.34,80.28,0.94,-1,-1,-1
157,3,1317.36,354.77,106.26,18.20,0.86,-1,-1,-1
157,5,353.48,382.40,89.95,14.27,0.80,-1,-1,-1
157,4,580.53,366.61,113.36,17.27,0.60,-1,-1,-1
157,2,606.56,452.00,609.55,187.02,0.33,-1,-1,-1
157,6,1704.74,350.47,74.96,13.17,0.58,-1,-1,-1
158,1,1295.34,401.72,304.36,79.26,0.94,-1,-1,-1
158,3,1320.04,354.58,105.86,18.10,0.88,-1,-1,-1
158,5,357.66,383.32,84.57,13.67,0.69,-1,-1,-1
158,4,586.54,367.01,107.08,16.86,0.76,-1,-1,-1
158,6,1708.74,348.59,73.08,15.83,0.24,-1,-1,-1
159,1,1295.63,400.24,304.58,80.89,0.94,-1,-1,-1
159,3,1322.80,354.46,103.34,18.00,0.88,-1,-1,-1
159,5,358.54,382.72,84.63,13.61,0.73,-1,-1,-1
159,4,586.65,366.65,104.25,16.70,0.79,-1,-1,-1
159,2,605.49,451.83,609.65,187.22,0.24,-1,-1,-1
160,1,1295.99,400.97,305.13,80.30,0.94,-1,-1,-1
160,3,1323.34,354.59,102.99,17.91,0.82,-1,-1,-1
160,5,349.12,382.43,95.48,15.11,0.72,-1,-1,-1
160,4,587.34,368.75,93.77,16.03,0.62,-1,-1,-1
160,2,601.50,450.68,634.57,187.94,0.27,-1,-1,-1
160,6,1717.31,347.77,66.45,15.68,0.61,-1,-1,-1
161,1,1295.94,401.65,306.12,79.76,0.94,-1,-1,-1
161,3,1322.28,353.01,108.27,19.72,0.85,-1,-1,-1
161,5,346.98,382.30,98.68,15.28,0.73,-1,-1,-1
161,4,586.28,367.94,101.81,16.19,0.60,-1,-1,-1
161,2,603.64,450.93,618.00,187.81,0.35,-1,-1,-1
161,6,1715.83,349.80,67.45,13.26,0.55,-1,-1,-1
162,1,1296.18,401.04,306.04,80.50,0.92,-1,-1,-1
162,3,1323.44,353.74,109.05,19.48,0.81,-1,-1,-1
162,5,347.67,381.64,98.28,15.70,0.84,-1,-1,-1
162,4,582.73,368.06,108.95,16.86,0.41,-1,-1,-1
162,2,603.59,451.39,612.14,187.75,0.35,-1,-1,-1
162,6,1715.07,348.34,71.00,15.48,0.26,-1,-1,-1
163,1,1296.58,400.42,306.86,81.45,0.94,-1,-1,-1
163,3,1324.14,352.96,111.03,19.69,0.79,-1,-1,-1
163,5,348.41,381.70,98.93,15.63,0.72,-1,-1,-1
163,4,585.18,366.96,109.55,17.45,0.69,-1,-1,-1
163,2,602.96,451.06,611.42,188.39,0.37,-1,-1,-1
163,6,1716.04,347.26,73.41,16.74,0.21,-1,-1,-1
164,1,1297.36,400.49,306.96,81.18,0.26,-1,-1,-1
164,3,1321.20,352.20,115.40,19.77,0.85,-1,-1,-1
164,5,345.90,382.15,102.93,15.88,0.62,-1,-1,-1
164,4,586.55,366.62,109.47,17.71,0.82,-1,-1,-1
164,2,602.70,451.20,611.77,188.59,0.31,-1,-1,-1
164,6,1713.11,347.46,76.85,16.61,0.40,-1,-1,-1
165,1,1298.20,400.96,307.09,80.51,0.24,-1,-1,-1
165,3,1322.82,352.31,114.77,19.30,0.82,-1,-1,-1
165,5,352.58,382.75,97.14,15.16,0.74,-1,-1,-1
165,4,584.83,366.52,112.57,18.04,0.81,-1,-1,-1
165,6,1718.48,349.05,74.12,14.60,0.65,-1,-1,-1
165,31,1296.94,400.45,308.03,81.59,0.72,-1,-1,-1
166,3,1325.90,352.05,112.35,19.46,0.74,-1,-1,-1
166,5,348.84,382.65,102.60,15.95,0.70,-1,-1,-1
166,2,596.74,450.39,643.87,189.60,0.34,-1,-1,-1
167,3,1326.29,352.41,113.43,18.72,0.84,-1,-1,-1
167,5,353.23,382.61,98.40,15.65,0.73,-1,-1,-1
167,2,599.58,450.74,625.05,189.42,0.24,-1,-1,-1
167,1,1298.96,400.32,307.99,81.55,0.97,-1,-1,-1
167,4,586.51,366.51,112.50,18.27,0.81,-1,-1,-1
168,3,1328.87,352.28,112.33,18.94,0.80,-1,-1,-1
168,5,358.56,382.30,93.11,15.37,0.81,-1,-1,-1
168,2,601.02,451.65,617.54,188.36,0.24,-1,-1,-1
168,1,1299.58,400.05,308.90,82.04,0.96,-1,-1,-1
168,4,604.98,367.55,95.17,16.05,0.24,-1,-1,-1
168,6,1735.99,348.86,59.50,14.32,0.49,-1,-1,-1
169,3,1329.95,353.14,110.25,17.93,0.82,-1,-1,-1
169,5,354.52,382.27,97.53,15.34,0.71,-1,-1,-1
169,2,601.53,451.65,615.15,187.77,0.32,-1,-1,-1
169,1,1299.63,400.31,309.57,81.71,0.96,-1,-1,-1
169,4,597.15,366.94,103.20,17.37,0.76,-1,-1,-1
169,6,1738.98,348.66,56.91,14.39,0.47,-1,-1,-1
170,3,1330.95,352.84,111.55,18.55,0.79,-1,-1,-1
170,5,350.07,381.47,103.49,16.03,0.66,-1,-1,-1
170,2,602.07,452.00,613.95,186.92,0.33,-1,-1,-1
170,1,1300.08,399.38,309.62,83.15,0.96,-1,-1,-1
170,4,595.73,366.87,100.27,17.25,0.46,-1,-1,-1
170,6,1737.02,346.36,59.33,17.56,0.53,-1,-1,-1
171,3,1332.81,354.27,108.69,18.15,0.82,-1,-1,-1
171,5,356.27,381.83,97.94,15.64,0.79,-1,-1,-1
171,2,601.45,451.85,614.53,186.93,0.30,-1,-1,-1
171,1,1300.07,401.43,310.80,81.23,0.96,-1,-1,-1
171,4,596.94,368.10,95.93,16.05,0.71,-1,-1,-1
171,6,1730.86,349.42,66.76,14.98,0.66,-1,-1,-1
172,3,1334.97,353.14,109.01,18.78,0.84,-1,-1,-1
172,5,358.34,382.14,98.42,15.07,0.78,-1,-1,-1
172,2,600.65,451.28,614.26,187.26,0.28,-1,-1,-1
172,1,1301.45,401.93,310.19,80.79,0.95,-1,-1,-1
172,4,600.63,366.49,100.81,17.21,0.48,-1,-1,-1
172,6,1729.91,348.06,69.58,16.30,0.40,-1,-1,-1
173,3,1331.61,353.05,114.60,18.19,0.75,-1,-1,-1
173,5,358.30,381.72,99.00,15.58,0.77,-1,-1,-1
173,2,600.82,451.65,612.61,187.18,0.31,-1,-1,-1
173,1,1302.55,402.57,309.47,79.96,0.95,-1,-1,-1
173,4,594.72,366.42,106.56,16.97,0.41,-1,-1,-1
173,6,1726.38,350.00,74.09,14.32,0.64,-1,-1,-1
174,3,1333.01,353.69,110.97,18.88,0.80,-1,-1,-1
174,5,364.59,382.17,94.03,14.93,0.78,-1,-1,-1
174,2,601.07,452.18,612.13,186.72,0.30,-1,-1,-1
174,1,1302.72,402.55,310.16,80.11,0.95,-1,-1,-1
174,4,597.08,366.62,101.14,17.03,0.40,-1,-1,-1
175,3,1337.45,354.76,107.69,17.68,0.83,-1,-1,-1
175,5,364.27,381.85,94.66,15.28,0.81,-1,-1,-1
175,2,600.85,451.76,611.79,187.23,0.34,-1,-1,-1
175,1,1303.48,402.80,310.96,79.69,0.95,-1,-1,-1
175,4,599.97,367.20,104.39,17.49,0.73,-1,-1,-1
175,6,1735.98,350.21,69.65,14.38,0.63,-1,-1,-1
176,3,1338.36,354.79,106.76,17.37,0.80,-1,-1,-1
176,5,362.46,382.02,95.71,15.32,0.80,-1,-1,-1
176,2,600.42,452.65,613.39,187.05,0.28,-1,-1,-1
176,1,1303.67,402.92,310.90,79.95,0.95,-1,-1,-1
176,4,600.19,367.39,101.49,16.51,0.46,-1,-1,-1
176,6,1732.55,348.77,75.46,15.33,0.43,-1,-1,-1
177,3,1339.47,354.32,105.75,17.83,0.82,-1,-1,-1
177,5,368.28,382.05,91.43,14.82,0.67,-1,-1,-1
177,2,599.70,451.63,615.03,187.52,0.33,-1,-1,-1
177,1,1304.24,402.12,311.10,80.83,0.95,-1,-1,-1
177,4,602.42,367.56,98.37,17.12,0.79,-1,-1,-1
177,6,1734.49,349.91,73.75,14.63,0.27,-1,-1,-1
178,3,1340.16,353.49,105.76,18.53,0.83,-1,-1,-1
178,5,367.71,382.48,89.88,14.47,0.77,-1,-1,-1
178,2,599.15,451.44,614.79,187.35,0.34,-1,-1,-1
178,1,1305.31,401.19,311.24,81.47,0.95,-1,-1,-1
178,4,602.34,366.52,106.20,17.80,0.79,-1,-1,-1
178,6,1734.91,351.79,73.50,13.69,0.56,-1,-1,-1
179,3,1340.25,353.54,108.57,18.00,0.75,-1,-1,-1
179,5,366.25,382.56,93.53,14.76,0.80,-1,-1,-1
179,2,598.90,451.32,614.47,186.78,0.33,-1,-1,-1
179,1,1306.21,403.24,310.95,79.29,0.94,-1,-1,-1
179,4,603.09,366.88,102.64,17.52,0.51,-1,-1,-1
179,6,1730.66,350.55,80.17,15.17,0.60,-1,-1,-1
180,3,1340.89,353.82,108.10,18.32,0.85,-1,-1,-1
180,5,370.41,381.81,91.16,14.81,0.41,-1,-1,-1
180,2,598.61,450.95,614.09,186.59,0.34,-1,-1,-1
180,1,1306.94,403.56,310.83,79.14,0.95,-1,-1,-1
180,4,603.72,366.56,103.35,17.52,0.78,-1,-1,-1
180,6,1732.61,351.50,81.06,14.57,0.65,-1,-1,-1
181,3,1341.04,354.07,107.49,18.19,0.81,-1,-1,-1
181,5,372.40,382.41,89.92,14.06,0.72,-1,-1,-1
181,2,598.12,450.75,613.57,187.06,0.32,-1,-1,-1
181,1,1307.47,401.99,311.62,80.48,0.95,-1,-1,-1
181,4,603.27,366.56,107.20,17.45,0.65,-1,-1,-1
181,6,1732.48,349.05,79.97,16.24,0.58,-1,-1,-1
182,3,1341.77,354.28,107.48,18.28,0.80,-1,-1,-1
182,5,370.63,382.09,91.87,14.06,0.75,-1,-1,-1
182,2,596.98,450.20,614.59,187.80,0.34,-1,-1,-1
182,1,1308.03,402.34,311.98,80.16,0.94,-1,-1,-1
182,4,606.48,366.65,107.43,16.39,0.32,-1,-1,-1
182,6,1736.94,349.06,77.02,15.41,0.45,-1,-1,-1
183,3,1341.68,354.04,107.68,17.99,0.79,-1,-1,-1
183,5,367.37,382.34,95.66,13.97,0.75,-1,-1,-1
183,2,597.01,450.62,614.97,187.90,0.33,-1,-1,-1
183,1,1309.02,402.13,311.07,80.30,0.95,-1,-1,-1
183,4,607.43,366.29,108.13,17.60,0.74,-1,-1,-1
183,6,1741.25,350.01,73.93,14.24,0.53,-1,-1,-1
184,3,1344.45,354.32,105.52,17.37,0.76,-1,-1,-1
184,5,371.17,382.72,92.05,14.01,0.77,-1,-1,-1
184,2,597.15,450.66,615.91,187.37,0.30,-1,-1,-1
184,1,1309.68,402.13,310.95,80.46,0.95,-1,-1,-1
184,4,607.94,366.02,110.18,17.72,0.66,-1,-1,-1
184,6,1742.86,349.81,74.60,13.90,0.29,-1,-1,-1
185,3,1344.54,354.09,108.23,17.57,0.78,-1,-1,-1
185,5,370.67,382.73,93.12,13.85,0.37,-1,-1,-1
185,2,597.06,451.23,617.00,186.46,0.31,-1,-1,-1
185,1,1310.54,402.41,310.99,80.29,0.95,-1,-1,-1
185,4,607.16,366.16,109.79,18.15,0.66,-1,-1,-1
185,6,1745.70,349.86,73.27,14.64,0.52,-1,-1,-1
186,3,1344.96,353.98,112.79,17.98,0.71,-1,-1,-1
186,5,371.26,382.64,95.21,14.15,0.81,-1,-1,-1
186,2,596.97,451.15,617.89,186.54,0.29,-1,-1,-1
186,1,1311.70,402.38,310.31,80.19,0.95,-1,-1,-1
186,4,609.50,366.21,108.83,17.48,0.72,-1,-1,-1
186,6,1750.58,349.75,68.74,14.50,0.52,-1,-1,-1
187,3,1345.00,353.97,114.60,18.18,0.77,-1,-1,-1
187,5,373.49,382.76,93.34,13.74,0.80,-1,-1,-1
187,2,596.51,451.03,619.02,186.71,0.27,-1,-1,-1
187,1,1312.80,403.14,309.56,79.31,0.95,-1,-1,-1
187,4,610.88,366.46,104.27,17.20,0.66,-1,-1,-1
187,6,1745.12,348.57,76.79,16.11,0.65,-1,-1,-1
187,34,1380.88,353.29,80.94,16.91,0.61,-1,-1,-1
188,3,1344.69,354.13,114.52,18.29,0.82,-1,-1,-1
188,5,374.06,382.19,93.28,14.12,0.81,-1,-1,-1
188,2,595.56,450.56,620.06,188.24,0.26,-1,-1,-1
188,1,1313.34,403.63,310.40,78.95,0.95,-1,-1,-1
188,4,612.22,366.35,104.63,17.55,0.79,-1,-1,-1
188,6,1747.92,349.90,72.34,14.74,0.34,-1,-1,-1
189,3,1345.93,352.96,117.14,18.81,0.83,-1,-1,-1
189,5,373.97,382.12,93.36,14.10,0.84,-1,-1,-1
189,2,595.73,450.93,618.58,187.04,0.29,-1,-1,-1
189,1,1314.07,402.86,311.64,79.50,0.95,-1,-1,-1
189,4,607.96,366.51,110.32,18.61,0.64,-1,-1,-1
189,6,1752.29,351.22,72.46,12.85,0.61,-1,-1,-1
190,3,1350.60,352.88,113.14,18.87,0.83,-1,-1,-1
190,5,376.61,382.34,91.38,13.66,0.77,-1,-1,-1
190,2,596.06,450.86,618.60,186.94,0.33,-1,-1,-1
190,1,1314.50,403.01,311.64,79.40,0.95,-1,-1,-1
190,4,614.61,366.88,105.06,17.88,0.74,-1,-1,-1
190,6,1746.96,351.59,80.54,14.54,0.70,-1,-1,-1
191,3,1350.81,353.99,113.55,17.59,0.65,-1,-1,-1
191,5,375.05,382.10,94.53,14.09,0.81,-1,-1,-1
191,2,596.44,451.34,618.11,186.05,0.38,-1,-1,-1
191,1,1314.86,404.67,311.71,78.01,0.95,-1,-1,-1
191,4,617.13,366.96,103.24,17.49,0.72,-1,-1,-1
191,6,1750.60,350.28,76.24,15.13,0.50,-1,-1,-1
191,34,1382.29,354.18,82.21,15.63,0.70,-1,-1,-1
192,3,1353.12,354.36,112.52,18.25,0.81,-1,-1,-1
192,5,375.88,382.54,95.14,13.84,0.80,-1,-1,-1
192,2,597.04,452.18,618.10,185.52,0.40,-1,-1,-1
192,1,1315.82,404.63,310.97,78.30,0.95,-1,-1,-1
192,4,627.10,366.27,93.61,16.05,0.23,-1,-1,-1
192,6,1749.60,349.47,79.14,15.35,0.30,-1,-1,-1
193,3,1351.29,352.98,114.22,19.30,0.82,-1,-1,-1
193,5,377.68,382.20,94.88,14.20,0.82,-1,-1,-1
193,2,596.88,451.79,618.97,185.88,0.37,-1,-1,-1
193,1,1316.49,403.90,311.37,79.14,0.95,-1,-1,-1
193,4,615.44,366.08,106.34,17.55,0.74,-1,-1,-1
193,6,1752.97,350.89,77.39,13.77,0.48,-1,-1,-1
194,3,1353.69,353.17,113.56,19.41,0.81,-1,-1,-1
194,5,379.26,382.02,93.36,14.16,0.83,-1,-1,-1
194,2,596.37,450.96,619.45,186.39,0.37,-1,-1,-1
194,1,1316.98,403.50,311.35,79.64,0.95,-1,-1,-1
194,4,616.05,366.10,106.28,17.63,0.70,-1,-1,-1
194,6,1757.23,347.24,74.94,16.95,0.39,-1,-1,-1
195,3,1357.39,352.58,110.85,19.02,0.78,-1,-1,-1
195,5,381.55,381.86,92.45,14.45,0.86,-1,-1,-1
195,2,595.79,450.53,619.61,186.63,0.38,-1,-1,-1
195,1,1317.80,402.51,311.54,80.79,0.95,-1,-1,-1
195,4,616.19,366.15,105.31,17.81,0.35,-1,-1,-1
195,6,1764.92,346.09,70.45,16.81,0.26,-1,-1,-1
196,3,1356.98,352.47,112.15,19.40,0.83,-1,-1,-1
196,5,383.03,382.33,91.29,13.89,0.81,-1,-1,-1
196,2,595.37,450.77,620.24,186.10,0.38,-1,-1,-1
196,1,1318.39,403.74,311.96,79.77,0.95,-1,-1,-1
196,4,621.22,365.63,102.22,17.93,0.74,-1,-1,-1
196,6,1760.85,347.33,75.08,17.66,0.43,-1,-1,-1
197,3,1362.66,352.33,107.49,18.82,0.63,-1,-1,-1
197,5,382.77,382.45,91.82,13.87,0.86,-1,-1,-1
197,2,595.35,450.97,619.71,185.82,0.41,-1,-1,-1
197,1,1319.41,402.77,311.81,80.63,0.95,-1,-1,-1
197,4,624.05,365.85,101.10,17.14,0.39,-1,-1,-1
197,6,1760.26,345.87,78.64,19.41,0.52,-1,-1,-1
198,3,1356.42,353.03,114.06,18.47,0.79,-1,-1,-1
198,5,386.55,382.17,89.22,14.30,0.86,-1,-1,-1
198,2,595.19,450.39,619.67,186.40,0.35,-1,-1,-1
198,1,1320.24,403.89,311.00,79.41,0.95,-1,-1,-1
198,4,627.75,365.84,98.36,16.78,0.33,-1,-1,-1
198,6,1759.34,344.15,79.86,21.02,0.59,-1,-1,-1
199,3,1355.49,352.18,115.88,19.28,0.75,-1,-1,-1
199,5,386.77,382.08,90.48,14.30,0.87,-1,-1,-1
199,2,594.54,450.25,619.20,186.40,0.37,-1,-1,-1
199,1,1320.69,404.77,311.84,78.61,0.95,-1,-1,-1
199,4,633.43,365.73,94.76,16.89,0.61,-1,-1,-1
199,6,1760.95,345.25,81.52,20.16,0.70,-1,-1,-1
200,3,1359.33,352.38,112.94,19.93,0.80,-1,-1,-1
200,5,386.96,381.95,90.69,14.30,0.82,-1,-1,-1
200,2,593.99,450.81,619.75,185.97,0.38,-1,-1,-1
200,1,1321.14,402.93,311.90,80.32,0.95,-1,-1,-1
200,4,636.94,365.76,92.01,16.42,0.50,-1,-1,-1
201,3,1359.14,351.71,115.29,20.40,0.81,-1,-1,-1
201,5,386.26,382.02,92.61,14.22,0.84,-1,-1,-1
201,2,593.91,450.73,620.03,186.06,0.36,-1,-1,-1
201,1,1321.58,401.66,313.54,81.48,0.95,-1,-1,-1
201,4,629.24,366.68,96.23,16.25,0.44,-1,-1,-1
201,6,1774.59,348.06,69.85,16.47,0.43,-1,-1,-1
202,3,1363.69,353.01,111.90,19.17,0.87,-1,-1,-1
202,5,387.65,381.54,93.40,14.36,0.84,-1,-1,-1
202,2,594.44,450.69,617.33,185.92,0.37,-1,-1,-1
202,1,1321.91,402.55,313.93,80.58,0.95,-1,-1,-1
202,4,634.44,366.33,91.85,14.79,0.31,-1,-1,-1
202,6,1772.75,348.55,72.79,15.73,0.61,-1,-1,-1
203,3,1365.88,352.41,110.22,19.64,0.87,-1,-1,-1
203,5,389.10,382.01,91.50,13.66,0.49,-1,-1,-1
203,2,594.84,450.73,615.47,185.83,0.37,-1,-1,-1
203,1,1322.09,401.88,314.76,81.12,0.95,-1,-1,-1
203,4,629.60,365.20,101.25,15.82,0.47,-1,-1,-1
203,6,1775.00,348.36,71.35,15.28,0.61,-1,-1,-1
204,3,1368.22,353.12,107.94,19.15,0.85,-1,-1,-1
204,5,389.13,382.57,90.04,13.42,0.59,-1,-1,-1
204,2,595.20,450.87,615.57,185.61,0.38,-1,-1,-1
204,1,1323.65,401.19,315.02,81.32,0.95,-1,-1,-1
204,4,634.83,364.75,97.75,15.44,0.62,-1,-1,-1
204,6,1780.31,346.72,69.61,17.01,0.37,-1,-1,-1
205,3,1368.39,352.19,112.15,19.43,0.85,-1,-1,-1
205,5,388.79,382.60,92.42,13.49,0.77,-1,-1,-1
205,2,594.77,450.96,616.30,185.43,0.37,-1,-1,-1
205,1,1324.53,402.82,314.74,79.43,0.95,-1,-1,-1
205,4,633.14,364.80,101.31,15.34,0.48,-1,-1,-1
205,6,1780.12,349.12,68.61,15.54,0.59,-1,-1,-1
206,3,1367.60,352.54,112.52,19.52,0.82,-1,-1,-1
206,5,390.65,381.56,93.36,13.72,0.70,-1,-1,-1
206,2,594.61,451.64,618.04,184.65,0.36,-1,-1,-1
206,1,1325.56,403.18,315.29,79.13,0.95,-1,-1,-1
206,4,643.40,364.61,91.19,15.14,0.64,-1,-1,-1
206,6,1784.24,346.80,66.48,17.59,0.44,-1,-1,-1
207,3,1368.46,351.87,112.17,19.84,0.86,-1,-1,-1
207,5,393.07,381.56,93.21,13.85,0.52,-1,-1,-1
207,2,593.59,451.65,619.98,184.71,0.35,-1,-1,-1
207,1,1326.52,403.17,315.41,78.82,0.95,-1,-1,-1
207,4,644.60,364.47,93.95,15.87,0.61,-1,-1,-1
207,6,1782.19,345.92,70.94,18.59,0.51,-1,-1,-1
208,3,1370.60,352.94,109.99,18.73,0.76,-1,-1,-1
208,5,395.57,380.82,91.66,13.92,0.79,-1,-1,-1
208,2,593.56,452.53,620.39,183.99,0.35,-1,-1,-1
208,1,1327.91,401.68,315.64,80.37,0.95,-1,-1,-1
208,4,644.75,365.20,92.55,16.21,0.66,-1,-1,-1
208,6,1784.83,345.09,69.39,18.44,0.22,-1,-1,-1
209,3,1372.68,351.96,114.01,19.29,0.83,-1,-1,-1
209,5,395.53,381.04,93.15,13.80,0.84,-1,-1,-1
209,2,593.45,452.45,619.90,183.90,0.33,-1,-1,-1
209,1,1329.06,402.03,315.70,80.33,0.95,-1,-1,-1
209,4,638.64,364.84,102.13,17.08,0.69,-1,-1,-1
209,6,1786.66,344.87,69.92,19.14,0.53,-1,-1,-1
210,3,1373.60,351.61,116.19,19.43,0.82,-1,-1,-1
210,5,396.82,381.13,93.48,13.54,0.74,-1,-1,-1
210,2,593.05,452.41,619.58,183.87,0.29,-1,-1,-1
210,1,1329.35,403.55,316.10,78.90,0.95,-1,-1,-1
210,4,638.21,364.88,103.53,17.22,0.53,-1,-1,-1
210,6,1788.58,343.54,70.29,20.04,0.36,-1,-1,-1
211,3,1375.84,353.17,114.14,18.27,0.75,-1,-1,-1
211,5,397.03,381.25,94.60,13.85,0.77,-1,-1,-1
211,2,592.89,451.99,619.37,184.60,0.31,-1,-1,-1
211,1,1329.79,404.57,316.41,77.84,0.94,-1,-1,-1
211,4,638.38,364.94,102.56,17.26,0.66,-1,-1,-1
211,6,1789.73,343.57,69.94,19.94,0.38,-1,-1,-1
212,3,1376.67,353.05,112.31,18.67,0.81,-1,-1,-1
212,5,398.87,381.32,92.87,13.81,0.69,-1,-1,-1
212,2,593.04,451.79,618.30,185.07,0.30,-1,-1,-1
212,1,1330.60,406.49,317.31,76.29,0.94,-1,-1,-1
212,4,646.26,364.76,94.89,16.00,0.46,-1,-1,-1
212,6,1783.43,345.43,75.00,19.77,0.59,-1,-1,-1
213,3,1378.19,352.65,114.59,19.15,0.83,-1,-1,-1
213,5,399.40,380.70,92.49,14.13,0.75,-1,-1,-1
213,2,592.89,452.07,618.99,184.92,0.30,-1,-1,-1
213,1,1331.06,407.27,317.40,75.42,0.94,-1,-1,-1
213,4,644.19,363.88,97.72,16.84,0.72,-1,-1,-1
213,6,1789.80,343.68,73.45,21.93,0.57,-1,-1,-1
214,3,1378.21,352.16,116.53,19.51,0.75,-1,-1,-1
214,5,403.84,380.42,89.43,14.08,0.78,-1,-1,-1
214,2,593.18,451.69,618.62,185.54,0.25,-1,-1,-1
214,1,1332.23,405.45,318.16,77.89,0.94,-1,-1,-1
214,4,639.27,363.25,105.90,17.91,0.53,-1,-1,-1
214,6,1792.82,345.56,71.79,21.06,0.70,-1,-1,-1
215,3,1381.01,352.73,115.95,19.21,0.79,-1,-1,-1
215,5,402.42,380.04,94.27,14.83,0.81,-1,-1,-1
215,2,593.35,451.75,618.23,185.34,0.27,-1,-1,-1
215,1,1333.51,406.97,317.59,76.00,0.94,-1,-1,-1
215,4,659.28,364.47,87.95,15.85,0.52,-1,-1,-1
215,6,1794.96,344.11,72.33,21.87,0.64,-1,-1,-1
216,3,1382.27,353.08,114.00,19.11,0.83,-1,-1,-1
216,5,403.98,380.15,93.45,14.39,0.80,-1,-1,-1
216,2,592.94,452.15,619.26,184.93,0.30,-1,-1,-1
216,1,1333.85,407.17,318.30,75.79,0.94,-1,-1,-1
216,4,663.79,364.50,85.74,15.35,0.70,-1,-1,-1
216,6,1795.02,339.96,73.88,25.60,0.63,-1,-1,-1
217,3,1384.00,353.10,111.76,19.09,0.83,-1,-1,-1
217,5,407.61,380.62,90.42,13.99,0.79,-1,-1,-1
217,2,592.87,452.11,619.34,184.80,0.29,-1,-1,-1
217,1,1333.87,405.77,320.09,77.52,0.94,-1,-1,-1
217,4,664.14,364.53,84.87,15.52,0.61,-1,-1,-1
218,3,1385.81,353.06,112.85,19.20,0.85,-1,-1,-1
218,5,408.45,380.40,91.39,14.28,0.80,-1,-1,-1
218,2,593.16,451.52,618.99,185.32,0.25,-1,-1,-1
218,1,1335.34,407.52,318.95,75.79,0.94,-1,-1,-1
218,4,651.16,363.69,101.69,16.47,0.32,-1,-1,-1
218,6,1803.69,344.38,68.79,21.64,0.65,-1,-1,-1
219,3,1387.30,354.04,113.01,18.46,0.85,-1,-1,-1
219,5,409.95,379.88,91.14,14.72,0.82,-1,-1,-1
219,2,592.59,452.33,620.06,184.44,0.30,-1,-1,-1
219,1,1336.12,407.19,320.56,76.11,0.93,-1,-1,-1
219,4,648.73,363.46,102.65,17.33,0.37,-1,-1,-1
219,41,645.87,363.73,104.78,18.09,0.29,-1,-1,-1
219,6,1807.46,346.60,66.20,19.14,0.22,-1,-1,-1
220,3,1386.50,353.79,114.58,18.21,0.79,-1,-1,-1
220,5,409.11,380.28,91.94,14.09,0.80,-1,-1,-1
220,2,592.60,451.78,620.17,184.79,0.27,-1,-1,-1
220,1,1337.19,407.48,319.56,75.68,0.94,-1,-1,-1
220,6,1807.13,346.98,67.62,18.43,0.38,-1,-1,-1
221,3,1389.36,354.03,112.14,18.27,0.82,-1,-1,-1
221,5,409.92,380.29,92.26,14.26,0.83,-1,-1,-1
221,2,592.26,452.60,619.49,183.64,0.32,-1,-1,-1
221,1,1338.45,407.84,321.44,75.28,0.69,-1,-1,-1
221,6,1803.27,344.90,75.11,21.28,0.48,-1,-1,-1
221,4,644.97,362.69,109.13,18.31,0.41,-1,-1,-1
222,3,1390.56,354.23,109.43,18.59,0.87,-1,-1,-1
222,5,412.67,380.11,91.24,14.11,0.80,-1,-1,-1
222,2,592.39,453.36,619.12,182.63,0.32,-1,-1,-1
222,1,1339.45,407.92,321.60,75.19,0.94,-1,-1,-1
222,6,1805.28,342.72,75.73,22.66,0.24,-1,-1,-1
222,4,647.45,364.12,105.18,18.39,0.66,-1,-1,-1
223,3,1393.08,353.88,111.33,19.24,0.89,-1,-1,-1
223,5,411.54,380.88,93.84,14.29,0.86,-1,-1,-1
223,2,592.62,453.14,619.00,182.65,0.32,-1,-1,-1
223,1,1339.53,408.44,322.94,75.19,0.91,-1,-1,-1
223,6,1805.69,348.01,76.61,18.21,0.23,-1,-1,-1
223,4,649.84,365.01,107.44,18.54,0.63,-1,-1,-1
224,3,1392.79,352.73,115.24,20.38,0.89,-1,-1,-1
224,5,412.97,380.05,94.45,14.31,0.80,-1,-1,-1
224,2,592.92,452.97,619.81,182.85,0.29,-1,-1,-1
224,1,1341.18,407.98,323.53,75.77,0.96,-1,-1,-1
224,6,1810.43,347.49,75.13,19.42,0.60,-1,-1,-1
224,4,647.36,363.62,111.58,18.40,0.78,-1,-1,-1
225,3,1394.91,352.36,116.18,20.22,0.85,-1,-1,-1
225,5,415.05,380.11,91.77,14.34,0.81,-1,-1,-1
225,2,593.28,453.73,618.95,182.03,0.35,-1,-1,-1
225,1,1342.13,408.20,324.04,75.45,0.96,-1,-1,-1
225,6,1808.54,348.65,79.31,18.62,0.30,-1,-1,-1
226,3,1396.25,352.58,116.06,20.08,0.86,-1,-1,-1
226,5,414.60,379.10,94.34,14.12,0.77,-1,-1,-1
226,2,594.34,454.05,618.27,181.84,0.31,-1,-1,-1
226,1,1343.50,406.68,323.79,76.78,0.95,-1,-1,-1
226,6,1811.24,348.81,78.57,18.16,0.50,-1,-1,-1
226,43,658.72,364.68,101.19,15.70,0.50,-1,-1,-1
226,4,653.12,364.51,108.07,16.89,0.37,-1,-1,-1
227,3,1396.87,352.66,116.18,19.76,0.74,-1,-1,-1
227,5,419.59,380.27,92.88,14.12,0.70,-1,-1,-1
227,2,594.23,455.15,618.83,180.87,0.33,-1,-1,-1
227,1,1344.07,405.67,324.81,77.75,0.95,-1,-1,-1
227,6,1816.39,346.95,73.62,18.87,0.27,-1,-1,-1
227,43,654.37,364.23,107.01,16.85,0.33,-1,-1,-1
227,4,655.54,364.63,107.15,17.45,0.39,-1,-1,-1
228,3,1398.23,352.36,116.24,20.37,0.86,-1,-1,-1
228,5,419.64,379.67,92.24,13.85,0.74,-1,-1,-1
228,2,593.78,454.13,618.73,181.45,0.34,-1,-1,-1
228,1,1345.48,406.24,324.20,77.02,0.94,-1,-1,-1
228,6,1821.34,348.45,68.79,17.85,0.30,-1,-1,-1
228,43,651.45,363.70,111.83,18.06,0.63,-1,-1,-1
228,4,655.34,364.25,108.88,18.14,0.26,-1,-1,-1
229,3,1400.47,352.56,115.19,20.02,0.83,-1,-1,-1
229,5,421.12,379.97,92.72,13.93,0.77,-1,-1,-1
229,2,593.76,452.83,618.01,183.13,0.35,-1,-1,-1
229,1,1347.26,406.24,324.15,77.00,0.94,-1,-1,-1
229,6,1826.96,349.35,69.32,17.59,0.34,-1,-1,-1
229,43,651.92,363.32,112.16,18.98,0.24,-1,-1,-1
229,4,655.98,363.92,108.61,19.12,0.71,-1,-1,-1
230,3,1402.85,352.75,115.54,20.37,0.84,-1,-1,-1
230,5,425.41,379.41,89.40,14.52,0.72,-1,-1,-1
230,2,593.66,452.08,617.82,184.34,0.35,-1,-1,-1
230,1,1348.69,406.70,324.41,76.89,0.94,-1,-1,-1
230,4,657.77,363.95,108.87,17.68,0.72,-1,-1,-1
231,3,1402.79,352.09,117.53,19.50,0.78,-1,-1,-1
231,5,421.60,379.68,93.96,14.68,0.74,-1,-1,-1
231,2,593.44,452.57,618.30,183.54,0.34,-1,-1,-1
231,1,1349.38,405.43,326.09,78.09,0.94,-1,-1,-1
231,4,661.43,363.64,105.50,16.49,0.51,-1,-1,-1
231,6,1829.61,346.02,71.83,20.45,0.46,-1,-1,-1
232,3,1404.75,352.43,116.20,19.69,0.83,-1,-1,-1
232,5,425.14,379.66,92.43,14.48,0.77,-1,-1,-1
232,2,593.46,452.17,618.08,183.98,0.31,-1,-1,-1
232,1,1351.62,404.83,324.93,78.40,0.94,-1,-1,-1
232,4,661.94,363.63,107.59,16.76,0.78,-1,-1,-1
232,6,1827.25,345.68,73.87,21.19,0.42,-1,-1,-1
233,3,1405.09,352.16,115.93,20.74,0.84,-1,-1,-1
233,5,428.50,379.82,90.65,13.89,0.80,-1,-1,-1
233,2,593.22,453.24,617.38,182.85,0.34,-1,-1,-1
233,1,1352.89,404.07,324.49,79.19,0.94,-1,-1,-1
233,4,661.38,363.78,109.37,17.33,0.78,-1,-1,-1
233,6,1829.73,348.26,75.86,19.09,0.39,-1,-1,-1
234,3,1403.86,352.40,118.55,19.90,0.80,-1,-1,-1
234,5,429.57,379.89,90.23,13.20,0.81,-1,-1,-1
234,2,593.42,452.50,617.26,183.41,0.32,-1,-1,-1
234,1,1354.00,403.50,324.87,79.70,0.95,-1,-1,-1
234,4,663.51,363.68,107.62,17.19,0.78,-1,-1,-1
234,6,1834.26,345.33,76.06,21.67,0.28,-1,-1,-1
235,3,1405.85,352.93,117.12,19.72,0.80,-1,-1,-1
235,5,432.35,379.97,89.07,13.73,0.75,-1,-1,-1
235,2,593.81,451.94,617.45,184.06,0.30,-1,-1,-1
235,1,1355.27,401.39,326.22,81.89,0.95,-1,-1,-1
235,4,664.45,364.65,107.39,17.80,0.67,-1,-1,-1
235,6,1836.68,344.35,78.74,22.42,0.40,-1,-1,-1
236,3,1409.45,353.00,114.88,19.34,0.78,-1,-1,-1
236,5,431.54,380.60,91.55,13.61,0.69,-1,-1,-1
236,2,593.98,452.53,617.62,183.08,0.29,-1,-1,-1
236,1,1356.85,402.03,326.23,81.38,0.95,-1,-1,-1
236,4,666.63,363.27,106.59,17.72,0.74,-1,-1,-1
236,6,1842.39,347.50,72.54,18.88,0.22,-1,-1,-1
237,3,1411.32,353.32,113.60,19.52,0.83,-1,-1,-1
237,5,436.45,380.80,88.99,13.05,0.73,-1,-1,-1
237,2,594.58,453.09,617.77,182.33,0.31,-1,-1,-1
237,1,1358.07,401.99,326.77,81.53,0.94,-1,-1,-1
237,4,666.77,363.09,106.93,17.15,0.68,-1,-1,-1
237,6,1847.35,348.20,71.02,19.33,0.27,-1,-1,-1
238,3,1413.50,354.09,116.36,18.72,0.88,-1,-1,-1
238,5,435.60,380.70,92.48,12.78,0.49,-1,-1,-1
238,2,594.87,453.24,617.40,182.61,0.32,-1,-1,-1
238,1,1358.37,403.19,327.84,80.81,0.94,-1,-1,-1
238,4,669.85,362.92,106.34,17.04,0.21,-1,-1,-1
239,3,1415.89,353.29,117.90,19.41,0.83,-1,-1,-1
239,5,436.83,380.98,91.16,13.06,0.76,-1,-1,-1
239,2,594.99,453.25,618.46,182.72,0.29,-1,-1,-1
239,1,1360.85,403.38,327.49,80.74,0.95,-1,-1,-1
239,4,671.51,363.02,105.23,17.77,0.39,-1,-1,-1
239,44,671.39,364.23,103.10,18.54,0.51,-1,-1,-1
240,3,1416.18,352.81,121.03,19.40,0.78,-1,-1,-1
240,5,441.66,380.29,88.38,13.46,0.77,-1,-1,-1
240,2,594.93,453.72,617.65,182.45,0.33,-1,-1,-1
240,1,1361.99,402.17,327.76,82.16,0.95,-1,-1,-1
240,6,1840.97,347.03,79.65,20.87,0.27,-1,-1,-1
241,3,1416.75,352.57,121.67,19.11,0.78,-1,-1,-1
241,5,442.79,380.50,88.93,12.89,0.63,-1,-1,-1
241,2,594.88,455.12,618.08,181.21,0.37,-1,-1,-1
241,1,1363.05,404.23,328.31,79.97,0.94,-1,-1,-1
241,4,670.76,362.53,110.37,17.93,0.76,-1,-1,-1
242,3,1415.89,352.61,123.50,19.59,0.82,-1,-1,-1
242,5,442.82,381.05,86.56,12.60,0.45,-1,-1,-1
242,2,595.29,455.72,618.20,180.51,0.36,-1,-1,-1
242,1,1363.49,406.35,328.29,77.94,0.94,-1,-1,-1
242,4,673.35,362.78,107.88,16.85,0.65,-1,-1,-1
242,6,1852.07,346.83,68.52,20.62,0.30,-1,-1,-1
243,3,1420.44,353.05,120.44,18.79,0.76,-1,-1,-1
243,5,443.49,380.98,88.33,12.98,0.68,-1,-1,-1
243,2,595.50,455.71,617.43,180.49,0.38,-1,-1,-1
243,1,1364.29,406.29,329.45,78.33,0.94,-1,-1,-1
243,4,675.66,362.52,106.38,16.92,0.57,-1,-1,-1
244,3,1420.97,353.36,121.73,19.22,0.75,-1,-1,-1
244,5,445.20,380.39,88.83,13.52,0.80,-1,-1,-1
244,2,595.83,455.68,616.03,180.44,0.41,-1,-1,-1
244,1,1365.02,406.21,330.09,78.75,0.94,-1,-1,-1
244,4,676.10,362.03,107.64,17.49,0.81,-1,-1,-1
245,3,1421.65,352.32,123.68,19.44,0.73,-1,-1,-1
245,5,442.54,380.89,93.89,13.33,0.75,-1,-1,-1
245,2,595.38,455.94,616.28,180.01,0.37,-1,-1,-1
245,1,1366.37,404.25,329.74,80.91,0.94,-1,-1,-1
245,4,680.30,362.61,105.35,17.40,0.79,-1,-1,-1
245,6,1851.50,347.79,68.97,20.31,0.20,-1,-1,-1
246,3,1422.86,352.90,121.67,19.87,0.79,-1,-1,-1
246,5,443.68,380.51,93.71,13.86,0.81,-1,-1,-1
246,2,594.68,455.88,616.57,180.19,0.41,-1,-1,-1
246,1,1367.32,404.08,329.19,80.93,0.94,-1,-1,-1
246,4,681.37,362.45,105.14,17.09,0.55,-1,-1,-1
247,3,1436.90,353.44,108.73,17.62,0.56,-1,-1,-1
247,5,452.03,380.81,87.30,13.21,0.73,-1,-1,-1
247,2,594.54,456.21,616.88,179.57,0.40,-1,-1,-1
247,1,1368.18,404.50,330.74,80.61,0.94,-1,-1,-1
247,4,682.12,362.14,106.29,17.79,0.75,-1,-1,-1
248,3,1430.50,353.91,114.67,18.51,0.82,-1,-1,-1
248,5,449.63,380.37,92.00,13.77,0.78,-1,-1,-1
248,2,594.61,456.19,617.34,179.60,0.37,-1,-1,-1
248,1,1368.83,404.97,332.20,80.18,0.94,-1,-1,-1
248,4,685.30,362.17,104.64,18.05,0.61,-1,-1,-1
249,3,1428.79,354.26,118.42,18.29,0.74,-1,-1,-1
249,5,452.48,380.15,89.54,13.78,0.81,-1,-1,-1
249,2,594.85,456.21,617.94,179.90,0.39,-1,-1,-1
249,1,1369.69,405.46,333.04,79.70,0.94,-1,-1,-1
249,4,686.56,362.16,104.02,17.94,0.80,-1,-1,-1
249,6,1859.32,349.79,60.61,19.08,0.23,-1,-1,-1
250,3,1431.48,354.61,117.52,17.60,0.46,-1,-1,-1
250,5,456.88,380.92,87.10,13.24,0.80,-1,-1,-1
250,2,595.56,455.69,616.97,179.98,0.37,-1,-1,-1
250,1,1371.32,402.56,332.40,82.84,0.94,-1,-1,-1
250,4,686.14,361.92,105.48,18.41,0.66,-1,-1,-1
251,3,1429.83,354.07,119.69,18.90,0.81,-1,-1,-1
251,5,456.56,380.06,87.99,13.73,0.82,-1,-1,-1
251,2,594.94,455.34,617.31,180.27,0.32,-1,-1,-1
251,1,1372.91,404.29,333.23,81.16,0.93,-1,-1,-1
251,4,688.60,361.69,106.24,18.67,0.77,-1,-1,-1
252,3,1427.92,355.25,123.23,18.44,0.81,-1,-1,-1
252,5,458.17,379.90,85.47,13.74,0.79,-1,-1,-1
252,2,594.69,454.88,617.54,180.78,0.32,-1,-1,-1
252,1,1374.31,405.17,332.72,80.03,0.93,-1,-1,-1
252,4,690.09,362.53,104.55,18.67,0.53,-1,-1,-1
252,6,1861.46,350.55,58.56,18.48,0.22,-1,-1,-1
253,3,1431.62,354.65,123.66,18.34,0.87,-1,-1,-1
253,5,459.82,379.29,88.66,14.71,0.84,-1,-1,-1
253,2,594.04,454.73,617.31,180.95,0.36,-1,-1,-1
253,1,1375.66,405.51,333.10,79.84,0.88,-1,-1,-1
253,4,690.09,363.16,105.35,17.22,0.66,-1,-1,-1
253,6,1855.50,351.57,64.45,17.96,0.30,-1,-1,-1
254,3,1435.72,354.24,121.63,18.56,0.84,-1,-1,-1
254,5,460.15,379.56,89.32,14.22,0.85,-1,-1,-1
254,2,593.89,454.84,618.09,181.14,0.34,-1,-1,-1
254,1,1376.58,405.55,333.77,79.82,0.76,-1,-1,-1
254,4,692.56,362.09,105.64,18.34,0.84,-1,-1,-1
254,6,1858.67,351.92,60.97,17.57,0.27,-1,-1,-1
255,3,1437.13,353.71,122.40,19.08,0.73,-1,-1,-1
255,5,460.47,379.89,89.98,14.14,0.86,-1,-1,-1
255,2,593.72,454.03,617.59,182.46,0.32,-1,-1,-1
255,1,1376.59,405.87,335.60,80.14,0.93,-1,-1,-1
255,4,694.50,362.08,105.42,18.58,0.76,-1,-1,-1
255,6,1857.22,350.87,62.50,18.91,0.43,-1,-1,-1
256,3,1438.41,353.81,122.68,18.74,0.84,-1,-1,-1
256,5,463.06,379.69,87.71,13.90,0.82,-1,-1,-1
256,2,594.52,454.79,616.05,181.78,0.33,-1,-1,-1
256,1,1377.98,405.92,335.81,80.12,0.21,-1,-1,-1
256,4,692.24,362.03,109.26,17.81,0.78,-1,-1,-1
257,3,1441.42,353.41,119.67,18.37,0.76,-1,-1,-1
257,5,464.41,379.78,87.19,13.86,0.83,-1,-1,-1
257,2,594.53,455.74,615.86,180.79,0.38,-1,-1,-1
257,1,1378.05,404.76,337.55,81.65,0.90,-1,-1,-1
257,4,693.85,362.10,109.53,17.69,0.80,-1,-1,-1
258,3,1442.84,354.80,119.98,17.52,0.83,-1,-1,-1
258,5,465.45,379.97,86.88,13.90,0.82,-1,-1,-1
258,2,595.18,454.94,615.26,181.48,0.33,-1,-1,-1
258,1,1378.94,404.22,337.74,82.70,0.96,-1,-1,-1
258,4,695.55,361.92,109.99,17.96,0.68,-1,-1,-1
258,6,1867.08,351.50,52.47,17.86,0.26,-1,-1,-1
259,3,1444.90,354.00,120.47,18.24,0.83,-1,-1,-1
259,5,466.33,379.98,87.04,13.86,0.85,-1,-1,-1
259,2,595.71,455.06,614.30,181.01,0.34,-1,-1,-1
259,1,1379.68,403.22,338.33,83.95,0.96,-1,-1,-1
259,4,694.96,361.87,112.42,18.25,0.81,-1,-1,-1
260,3,1446.27,354.00,122.08,18.22,0.77,-1,-1,-1
260,5,468.26,379.84,87.50,14.05,0.83,-1,-1,-1
260,2,595.70,453.99,614.23,182.18,0.32,-1,-1,-1
260,1,1380.69,403.53,338.04,83.51,0.96,-1,-1,-1
260,4,697.67,362.41,109.41,17.32,0.73,-1,-1,-1
261,3,1444.95,354.99,121.97,17.58,0.79,-1,-1,-1
261,5,470.99,379.63,86.35,13.84,0.83,-1,-1,-1
261,2,596.43,455.26,613.54,180.69,0.35,-1,-1,-1
261,1,1381.76,403.89,338.12,82.93,0.96,-1,-1,-1
261,4,702.59,363.45,105.38,15.64,0.49,-1,-1,-1
262,3,1446.15,355.10,121.41,17.23,0.76,-1,-1,-1
262,5,472.49,379.66,88.81,14.15,0.87,-1,-1,-1
262,2,595.93,455.26,614.65,180.99,0.33,-1,-1,-1
262,1,1382.94,403.39,339.32,83.48,0.96,-1,-1,-1
262,4,722.75,364.27,86.63,14.15,0.54,-1,-1,-1
263,3,1449.57,357.37,117.17,15.93,0.77,-1,-1,-1
263,5,472.78,379.16,89.99,14.53,0.85,-1,-1,-1
263,2,595.77,455.30,614.72,181.05,0.36,-1,-1,-1
263,1,1384.94,404.15,338.47,83.01,0.95,-1,-1,-1
263,4,727.86,364.00,82.77,14.47,0.70,-1,-1,-1
264,3,1451.79,356.14,118.05,16.62,0.77,-1,-1,-1
264,5,474.19,379.37,88.52,14.32,0.82,-1,-1,-1
264,2,595.98,455.10,615.09,181.08,0.36,-1,-1,-1
264,1,1385.93,403.70,338.16,83.88,0.95,-1,-1,-1
264,4,715.80,363.29,95.29,16.14,0.78,-1,-1,-1
265,3,1451.88,354.88,120.91,17.47,0.68,-1,-1,-1
265,5,475.48,379.33,87.55,14.33,0.82,-1,-1,-1
265,2,595.48,455.34,615.76,180.67,0.37,-1,-1,-1
265,1,1386.31,402.33,338.77,85.36,0.95,-1,-1,-1
265,4,710.07,363.28,101.48,16.10,0.62,-1,-1,-1
266,3,1452.54,354.54,121.74,18.36,0.83,-1,-1,-1
266,5,476.29,378.99,88.44,14.86,0.87,-1,-1,-1
266,2,595.45,455.50,616.22,180.32,0.37,-1,-1,-1
266,1,1386.99,401.61,339.00,85.85,0.95,-1,-1,-1
266,4,706.02,363.44,105.86,16.48,0.64,-1,-1,-1
267,3,1453.20,356.18,122.04,17.22,0.78,-1,-1,-1
267,5,478.92,379.38,84.96,14.27,0.83,-1,-1,-1
267,2,595.19,455.61,616.98,180.29,0.34,-1,-1,-1
267,1,1387.87,402.49,338.98,85.14,0.95,-1,-1,-1
267,4,707.88,363.25,106.40,16.65,0.52,-1,-1,-1
268,3,1453.19,355.14,122.22,18.16,0.77,-1,-1,-1
268,5,479.10,379.59,85.13,14.15,0.83,-1,-1,-1
268,2,595.01,455.46,616.86,180.46,0.33,-1,-1,-1
268,1,1387.52,402.55,340.81,85.21,0.95,-1,-1,-1
268,4,709.25,361.78,106.01,17.88,0.72,-1,-1,-1
269,3,1453.61,354.90,121.45,18.59,0.83,-1,-1,-1
269,5,480.71,379.36,85.15,14.08,0.86,-1,-1,-1
269,2,594.48,455.31,616.43,180.33,0.37,-1,-1,-1
269,1,1388.56,403.57,341.31,84.12,0.95,-1,-1,-1
269,4,709.86,361.57,105.91,18.63,0.79,-1,-1,-1
270,3,1454.04,353.31,126.71,20.08,0.86,-1,-1,-1
270,5,480.63,379.32,86.57,14.45,0.85,-1,-1,-1
270,2,593.66,455.25,617.72,180.57,0.36,-1,-1,-1
270,1,1389.73,402.84,341.96,84.90,0.95,-1,-1,-1
270,4,709.26,361.12,108.62,19.15,0.75,-1,-1,-1
271,3,1456.59,353.02,126.00,20.10,0.86,-1,-1,-1
271,5,482.95,379.53,84.37,14.38,0.83,-1,-1,-1
271,2,592.76,454.40,618.76,181.59,0.31,-1,-1,-1
271,1,1390.70,403.66,341.49,84.13,0.95,-1,-1,-1
271,4,709.19,361.41,108.82,19.13,0.72,-1,-1,-1
272,3,1455.73,354.90,125.11,18.64,0.85,-1,-1,-1
272,5,483.32,379.33,84.39,14.35,0.85,-1,-1,-1
272,2,592.18,454.02,620.20,182.14,0.28,-1,-1,-1
272,1,1390.88,406.08,342.92,81.82,0.94,-1,-1,-1
272,4,710.49,361.94,107.30,18.17,0.66,-1,-1,-1
273,3,1457.32,353.91,126.34,19.27,0.86,-1,-1,-1
273,5,483.89,379.81,83.22,14.21,0.82,-1,-1,-1
273,2,591.74,453.44,620.98,182.80,0.29,-1,-1,-1
273,1,1391.48,405.62,343.02,82.11,0.94,-1,-1,-1
273,4,712.02,362.69,105.87,18.01,0.67,-1,-1,-1
274,3,1458.11,354.41,127.43,18.72,0.83,-1,-1,-1
274,5,484.47,379.50,84.93,14.60,0.82,-1,-1,-1
274,2,591.18,453.29,622.68,183.27,0.32,-1,-1,-1
274,1,1392.23,405.91,342.57,82.00,0.94,-1,-1,-1
274,4,713.63,361.69,104.84,18.51,0.78,-1,-1,-1
275,3,1458.83,353.66,128.34,19.49,0.85,-1,-1,-1
275,5,483.73,379.37,85.76,14.56,0.83,-1,-1,-1
275,2,590.03,453.50,624.50,182.90,0.32,-1,-1,-1
275,1,1392.69,406.28,342.93,81.71,0.94,-1,-1,-1
275,4,714.80,361.79,104.62,18.38,0.77,-1,-1,-1
276,3,1460.55,354.16,127.49,18.70,0.84,-1,-1,-1
276,5,484.35,379.29,85.88,14.40,0.84,-1,-1,-1
276,2,589.42,452.90,624.49,183.66,0.29,-1,-1,-1
276,1,1392.84,406.85,343.85,81.18,0.94,-1,-1,-1
276,4,715.68,362.48,103.56,17.84,0.74,-1,-1,-1
277,3,1461.46,354.99,126.76,18.19,0.85,-1,-1,-1
277,5,486.74,379.76,85.01,14.01,0.81,-1,-1,-1
277,2,588.57,453.14,625.54,183.03,0.28,-1,-1,-1
277,1,1393.14,405.87,344.20,82.36,0.94,-1,-1,-1
277,4,717.24,361.75,105.98,18.45,0.76,-1,-1,-1
278,3,1461.30,355.25,127.19,18.30,0.86,-1,-1,-1
278,5,489.78,379.94,83.57,13.77,0.82,-1,-1,-1
278,2,588.85,452.44,623.77,183.12,0.27,-1,-1,-1
278,1,1393.73,405.66,344.33,83.07,0.94,-1,-1,-1
278,4,719.35,362.22,104.63,17.66,0.66,-1,-1,-1
279,3,1461.84,355.10,126.96,18.12,0.83,-1,-1,-1
279,5,490.02,380.23,82.66,13.59,0.82,-1,-1,-1
279,2,588.67,453.29,624.52,182.15,0.27,-1,-1,-1
279,1,1393.82,404.28,344.32,84.36,0.94,-1,-1,-1
279,4,717.72,361.47,105.82,18.68,0.74,-1,-1,-1
280,3,1463.48,355.09,126.45,18.00,0.83,-1,-1,-1
280,5,491.67,379.43,83.01,14.17,0.68,-1,-1,-1
280,2,587.45,453.11,626.34,182.86,0.27,-1,-1,-1
280,1,1395.20,404.35,343.29,84.21,0.94,-1,-1,-1
280,4,716.74,362.20,106.28,18.27,0.52,-1,-1,-1
281,3,1464.83,355.41,125.05,17.83,0.86,-1,-1,-1
281,5,491.96,379.53,82.56,13.91,0.84,-1,-1,-1
281,2,587.10,453.27,626.87,182.55,0.28,-1,-1,-1
281,1,1395.89,405.12,342.85,83.46,0.94,-1,-1,-1
281,4,716.67,361.92,109.62,18.30,0.79,-1,-1,-1
282,3,1465.43,355.78,125.68,17.72,0.86,-1,-1,-1
282,5,493.61,379.41,82.98,14.19,0.83,-1,-1,-1
282,2,586.48,452.35,626.53,183.39,0.30,-1,-1,-1
282,1,1396.28,405.29,343.87,83.59,0.94,-1,-1,-1
282,4,720.73,361.93,107.94,17.85,0.62,-1,-1,-1
283,3,1465.86,355.98,126.52,17.52,0.84,-1,-1,-1
283,5,493.39,379.49,84.60,14.09,0.85,-1,-1,-1
283,2,586.69,451.65,625.77,183.79,0.28,-1,-1,-1
283,1,1397.40,405.17,343.26,83.84,0.94,-1,-1,-1
283,4,719.50,361.54,109.81,18.50,0.79,-1,-1,-1
284,3,1466.44,355.14,127.17,18.08,0.82,-1,-1,-1
284,5,493.96,379.33,84.38,14.42,0.86,-1,-1,-1
284,2,586.34,452.11,624.26,183.67,0.29,-1,-1,-1
284,1,1398.09,404.90,343.57,84.27,0.95,-1,-1,-1
284,4,720.53,361.26,108.66,18.62,0.82,-1,-1,-1
285,3,1467.38,355.24,126.67,18.08,0.83,-1,-1,-1
285,5,494.47,379.61,84.83,14.13,0.85,-1,-1,-1
285,2,585.31,452.26,623.77,183.61,0.30,-1,-1,-1
285,1,1399.14,404.83,343.77,84.52,0.95,-1,-1,-1
285,4,719.41,360.92,110.33,19.00,0.82,-1,-1,-1
286,3,1468.82,355.32,126.44,18.12,0.83,-1,-1,-1
286,5,496.86,379.68,81.51,13.93,0.83,-1,-1,-1
286,2,585.07,452.38,623.26,183.65,0.31,-1,-1,-1
286,1,1400.17,404.79,345.21,84.65,0.94,-1,-1,-1
286,4,718.66,361.43,112.17,18.78,0.86,-1,-1,-1
287,3,1470.81,355.15,124.43,18.24,0.81,-1,-1,-1
287,5,497.05,379.45,82.02,13.93,0.83,-1,-1,-1
287,2,584.81,451.87,623.22,184.55,0.34,-1,-1,-1
287,1,1400.46,405.09,345.51,84.49,0.94,-1,-1,-1
287,4,720.76,361.87,110.80,18.22,0.84,-1,-1,-1
288,3,1471.03,355.70,125.90,17.93,0.83,-1,-1,-1
288,5,496.76,379.53,83.56,14.18,0.83,-1,-1,-1
288,2,584.23,452.11,623.80,184.46,0.29,-1,-1,-1
288,1,1400.39,405.02,345.13,84.70,0.94,-1,-1,-1
288,4,722.24,362.03,109.28,17.69,0.83,-1,-1,-1
289,3,1471.01,356.27,126.11,17.47,0.82,-1,-1,-1
289,5,494.07,379.55,87.30,14.25,0.78,-1,-1,-1
289,2,584.30,452.43,622.96,184.34,0.27,-1,-1,-1
289,1,1400.56,405.41,346.17,84.23,0.94,-1,-1,-1
289,4,723.68,362.17,106.66,16.73,0.31,-1,-1,-1
290,3,1473.07,356.06,125.90,17.58,0.79,-1,-1,-1
290,5,496.52,379.66,84.99,14.06,0.79,-1,-1,-1
290,2,583.93,453.43,623.07,183.65,0.31,-1,-1,-1
290,1,1401.21,405.86,345.94,83.77,0.94,-1,-1,-1
290,4,724.32,361.89,108.19,17.67,0.83,-1,-1,-1
291,3,1474.49,356.39,126.70,17.51,0.82,-1,-1,-1
291,5,498.68,379.39,85.23,14.30,0.79,-1,-1,-1
291,2,583.41,453.64,625.09,183.09,0.30,-1,-1,-1
291,1,1402.10,405.96,345.45,83.47,0.94,-1,-1,-1
291,4,724.06,361.60,108.08,18.33,0.83,-1,-1,-1
292,3,1474.30,356.38,127.81,18.03,0.84,-1,-1,-1
292,5,499.81,379.63,84.70,14.36,0.80,-1,-1,-1
292,2,583.42,453.75,625.64,182.48,0.27,-1,-1,-1
292,1,1402.77,405.95,346.60,83.76,0.94,-1,-1,-1
292,4,746.18,363.17,88.66,15.45,0.70,-1,-1,-1
293,3,1473.70,357.32,126.93,17.67,0.83,-1,-1,-1
293,5,502.12,379.80,83.47,14.05,0.74,-1,-1,-1
293,2,583.40,453.77,625.58,181.97,0.29,-1,-1,-1
293,1,1403.60,406.67,347.21,82.98,0.94,-1,-1,-1
293,4,758.39,363.97,78.72,14.79,0.75,-1,-1,-1
294,3,1476.76,356.29,124.90,17.90,0.80,-1,-1,-1
294,5,502.39,379.81,81.63,13.87,0.79,-1,-1,-1
294,2,583.04,453.78,626.81,182.22,0.32,-1,-1,-1
294,1,1403.80,404.96,348.44,84.44,0.94,-1,-1,-1
295,3,1477.36,355.18,127.50,18.59,0.82,-1,-1,-1
295,5,502.87,379.90,82.23,13.71,0.79,-1,-1,-1
295,2,582.64,453.24,628.52,182.24,0.28,-1,-1,-1
295,1,1404.60,404.99,348.29,84.47,0.94,-1,-1,-1
295,4,733.73,362.57,102.05,17.62,0.81,-1,-1,-1
296,3,1478.00,355.53,131.26,18.23,0.83,-1,-1,-1
296,5,506.85,380.39,78.55,13.09,0.77,-1,-1,-1
296,2,581.73,453.17,629.81,182.35,0.28,-1,-1,-1
296,1,1404.97,405.64,349.18,84.16,0.94,-1,-1,-1
296,4,728.88,362.28,107.32,18.14,0.76,-1,-1,-1
297,3,1478.35,355.76,130.21,18.00,0.83,-1,-1,-1
297,5,506.95,379.94,79.29,13.70,0.82,-1,-1,-1
297,2,580.33,453.27,631.13,181.86,0.30,-1,-1,-1
297,1,1405.95,405.12,348.90,84.76,0.94,-1,-1,-1
297,4,730.29,362.04,106.38,18.29,0.74,-1,-1,-1
298,3,1484.00,355.21,126.87,18.01,0.58,-1,-1,-1
298,5,507.82,379.72,77.43,13.42,0.72,-1,-1,-1
298,2,579.20,454.57,632.57,180.87,0.29,-1,-1,-1
298,1,1406.92,405.11,349.75,85.11,0.94,-1,-1,-1
298,4,729.66,362.11,107.04,18.22,0.78,-1,-1,-1
299,3,1482.09,355.96,126.76,17.77,0.80,-1,-1,-1
299,5,504.88,379.99,82.87,13.21,0.81,-1,-1,-1
299,2,578.17,453.61,633.16,182.29,0.31,-1,-1,-1
299,1,1407.59,405.03,351.00,85.22,0.95,-1,-1,-1
299,4,730.02,362.02,107.76,18.42,0.80,-1,-1,-1
300,3,1481.63,354.92,130.08,19.01,0.84,-1,-1,-1
300,5,507.69,380.47,82.30,13.14,0.68,-1,-1,-1
300,2,577.40,452.96,633.97,183.20,0.29,-1,-1,-1
300,1,1407.99,404.59,352.19,85.78,0.94,-1,-1,-1
300,4,731.35,362.03,107.02,18.42,0.75,-1,-1,-1
301,3,1482.84,354.20,130.34,19.54,0.85,-1,-1,-1
301,5,510.98,380.72,77.75,12.98,0.72,-1,-1,-1
301,2,577.00,452.44,634.72,183.44,0.23,-1,-1,-1
301,1,1408.83,404.52,351.61,85.87,0.94,-1,-1,-1
301,4,731.91,361.39,109.07,19.33,0.81,-1,-1,-1
302,3,1484.83,353.99,130.32,19.55,0.84,-1,-1,-1
302,5,507.86,380.34,82.94,13.53,0.82,-1,-1,-1
302,2,574.23,449.35,662.76,186.85,0.24,-1,-1,-1
302,1,1409.70,403.30,352.82,87.25,0.94,-1,-1,-1
302,4,732.70,361.38,108.51,19.51,0.82,-1,-1,-1
303,3,1487.66,354.44,127.73,19.20,0.81,-1,-1,-1
303,5,507.12,380.16,84.07,13.96,0.79,-1,-1,-1
303,2,575.36,451.19,646.39,184.20,0.25,-1,-1,-1
303,1,1410.00,403.34,353.24,87.27,0.94,-1,-1,-1
303,4,733.75,361.13,107.73,19.37,0.79,-1,-1,-1
304,3,1489.04,354.84,129.68,18.86,0.84,-1,-1,-1
304,5,510.73,380.44,81.29,13.49,0.80,-1,-1,-1
304,1,1410.53,405.35,353.58,84.84,0.94,-1,-1,-1
304,4,747.77,362.39,95.98,17.34,0.75,-1,-1,-1
305,3,1489.47,355.06,127.71,18.68,0.82,-1,-1,-1
305,5,510.84,380.14,81.54,13.30,0.82,-1,-1,-1
305,1,1410.90,405.49,353.55,84.64,0.94,-1,-1,-1
305,4,740.22,362.44,103.09,17.37,0.78,-1,-1,-1
305,2,575.05,452.23,640.85,182.87,0.26,-1,-1,-1
306,3,1491.50,355.27,125.57,18.38,0.80,-1,-1,-1
306,5,511.46,380.20,80.71,13.13,0.76,-1,-1,-1
306,1,1411.40,405.40,353.49,84.88,0.94,-1,-1,-1
306,4,746.49,362.72,98.98,16.77,0.76,-1,-1,-1
306,2,575.82,451.42,639.06,183.58,0.25,-1,-1,-1
307,3,1490.08,354.48,128.63,19.29,0.82,-1,-1,-1
307,5,508.85,379.72,85.46,14.00,0.80,-1,-1,-1
307,1,1411.77,405.05,354.28,85.61,0.94,-1,-1,-1
307,4,742.11,361.83,103.51,18.25,0.83,-1,-1,-1
307,2,576.22,451.50,637.85,183.63,0.26,-1,-1,-1
308,3,1490.17,354.26,129.60,19.29,0.76,-1,-1,-1
308,5,515.26,379.36,82.27,13.76,0.79,-1,-1,-1
308,1,1412.73,404.42,354.19,86.25,0.93,-1,-1,-1
308,4,740.48,361.62,105.40,18.40,0.79,-1,-1,-1
308,2,575.58,450.56,639.09,184.36,0.26,-1,-1,-1
309,3,1488.96,354.26,131.56,19.42,0.81,-1,-1,-1
309,5,517.67,379.62,80.84,13.99,0.78,-1,-1,-1
309,1,1413.79,405.36,354.44,85.32,0.82,-1,-1,-1
309,4,740.04,361.42,106.03,18.47,0.80,-1,-1,-1
309,2,575.95,450.35,639.69,184.74,0.21,-1,-1,-1
310,3,1490.75,355.00,131.63,18.85,0.80,-1,-1,-1
310,5,515.37,379.86,82.46,13.89,0.80,-1,-1,-1
310,1,1414.61,406.18,354.65,84.34,0.61,-1,-1,-1
310,4,740.22,362.06,105.96,18.39,0.78,-1,-1,-1
310,2,576.28,451.12,639.15,184.43,0.24,-1,-1,-1
311,3,1491.22,355.44,131.80,18.92,0.80,-1,-1,-1
311,5,514.58,380.28,83.50,13.69,0.81,-1,-1,-1
311,1,1414.60,406.85,355.41,83.84,0.95,-1,-1,-1
311,4,740.88,362.09,106.00,18.08,0.77,-1,-1,-1
311,2,576.22,451.63,640.39,183.57,0.28,-1,-1,-1
312,3,1492.11,355.47,130.43,18.75,0.82,-1,-1,-1
312,5,513.72,379.93,84.32,13.54,0.68,-1,-1,-1
312,1,1414.70,405.84,355.86,85.09,0.94,-1,-1,-1
312,4,742.08,363.29,104.63,16.67,0.82,-1,-1,-1
312,2,575.85,451.18,641.35,184.28,0.27,-1,-1,-1
313,3,1496.07,356.01,126.36,18.51,0.79,-1,-1,-1
313,5,512.54,380.26,85.90,13.26,0.61,-1,-1,-1
313,1,1415.41,405.99,356.14,85.07,0.87,-1,-1,-1
313,4,741.48,362.63,109.13,17.07,0.84,-1,-1,-1
313,2,576.30,451.28,640.94,184.11,0.28,-1,-1,-1
314,3,1497.94,355.77,127.03,18.70,0.83,-1,-1,-1
314,5,512.96,380.48,86.34,13.08,0.45,-1,-1,-1
314,1,1415.29,405.70,357.10,85.51,0.95,-1,-1,-1
314,4,741.51,362.39,110.44,17.45,0.86,-1,-1,-1
314,2,575.45,451.45,641.37,183.89,0.27,-1,-1,-1
315,3,1498.45,355.55,129.21,18.30,0.77,-1,-1,-1
315,5,515.15,379.90,87.61,13.39,0.70,-1,-1,-1
315,1,1415.87,403.73,356.84,87.40,0.90,-1,-1,-1
315,4,745.70,362.54,108.26,17.00,0.80,-1,-1,-1
315,2,574.74,451.14,640.71,184.35,0.23,-1,-1,-1
316,3,1500.15,356.45,128.61,17.62,0.83,-1,-1,-1
316,5,514.01,379.91,90.90,13.36,0.37,-1,-1,-1
316,1,1416.84,406.11,356.32,85.03,0.94,-1,-1,-1
316,4,748.01,362.95,106.41,16.95,0.84,-1,-1,-1
316,2,574.46,451.07,641.70,184.44,0.21,-1,-1,-1
317,3,1501.15,355.97,130.06,17.76,0.82,-1,-1,-1
317,5,516.22,378.77,90.61,14.02,0.69,-1,-1,-1
317,1,1417.71,406.29,356.64,84.90,0.95,-1,-1,-1
317,4,755.51,363.04,99.19,16.79,0.80,-1,-1,-1
317,2,574.41,451.02,642.05,184.61,0.23,-1,-1,-1
318,3,1501.90,356.73,128.87,17.52,0.80,-1,-1,-1
318,5,516.56,378.70,90.13,13.39,0.35,-1,-1,-1
318,1,1418.78,404.50,356.52,86.81,0.96,-1,-1,-1
318,4,760.03,363.35,95.60,16.07,0.75,-1,-1,-1
318,2,573.69,451.46,642.79,184.80,0.25,-1,-1,-1
319,3,1503.26,355.52,132.22,18.38,0.80,-1,-1,-1
319,5,515.64,378.62,91.78,13.43,0.48,-1,-1,-1
319,1,1420.24,403.87,357.61,87.53,0.95,-1,-1,-1
319,4,756.40,363.15,101.67,16.36,0.74,-1,-1,-1
319,2,573.24,451.00,643.67,185.30,0.23,-1,-1,-1
320,3,1502.04,354.94,134.63,19.16,0.80,-1,-1,-1
320,5,524.08,379.35,84.55,12.53,0.34,-1,-1,-1
320,1,1420.70,405.66,358.89,85.64,0.95,-1,-1,-1
320,4,754.65,363.30,103.40,16.55,0.80,-1,-1,-1
320,2,573.39,450.99,644.74,185.17,0.22,-1,-1,-1
321,3,1504.29,354.77,134.30,19.18,0.85,-1,-1,-1
321,5,521.13,378.47,89.30,13.64,0.58,-1,-1,-1
321,1,1422.02,405.51,359.82,85.59,0.94,-1,-1,-1
321,4,760.83,363.35,98.95,16.47,0.80,-1,-1,-1
321,2,573.67,450.66,644.27,185.10,0.22,-1,-1,-1
322,3,1506.90,356.49,122.03,17.94,0.84,-1,-1,-1
322,5,521.58,378.04,89.64,13.76,0.51,-1,-1,-1
322,1,1423.74,405.49,358.41,85.52,0.94,-1,-1,-1
322,4,758.56,363.01,102.98,16.82,0.78,-1,-1,-1
323,3,1511.22,355.65,125.05,18.38,0.84,-1,-1,-1
323,5,524.72,378.31,87.32,13.85,0.46,-1,-1,-1
323,1,1424.65,405.39,358.59,85.44,0.94,-1,-1,-1
323,4,755.10,362.85,107.57,17.27,0.80,-1,-1,-1
324,3,1511.93,355.60,124.97,18.42,0.84,-1,-1,-1
324,5,535.02,378.29,78.95,12.98,0.61,-1,-1,-1
324,1,1425.57,405.80,358.51,84.84,0.94,-1,-1,-1
324,4,755.15,363.15,107.02,16.95,0.73,-1,-1,-1
324,2,568.30,445.92,681.84,190.57,0.30,-1,-1,-1
325,3,1513.82,355.30,126.15,18.61,0.86,-1,-1,-1
325,5,533.41,378.75,82.06,14.14,0.35,-1,-1,-1
325,1,1426.36,405.77,359.24,85.02,0.94,-1,-1,-1
325,4,757.63,363.12,106.22,16.94,0.69,-1,-1,-1
325,2,566.84,444.79,687.07,191.27,0.27,-1,-1,-1
326,3,1512.34,355.65,129.80,18.64,0.84,-1,-1,-1
326,5,532.04,378.75,83.30,13.53,0.46,-1,-1,-1
326,1,1426.91,405.75,360.15,85.26,0.95,-1,-1,-1
326,4,758.00,363.47,105.85,16.49,0.69,-1,-1,-1
327,3,1511.08,355.28,133.07,19.40,0.82,-1,-1,-1
327,5,531.69,378.26,83.67,13.85,0.45,-1,-1,-1
327,1,1427.81,405.11,360.53,86.04,0.94,-1,-1,-1
327,4,755.30,362.56,109.89,17.85,0.77,-1,-1,-1
327,2,565.94,444.36,691.48,192.01,0.35,-1,-1,-1
328,3,1509.57,355.68,135.06,18.61,0.79,-1,-1,-1
328,5,533.36,377.22,83.14,13.87,0.52,-1,-1,-1
328,1,1428.60,406.20,360.41,85.17,0.94,-1,-1,-1
328,4,756.87,362.67,108.86,17.54,0.77,-1,-1,-1
328,2,565.91,444.77,691.24,191.89,0.34,-1,-1,-1
329,3,1512.97,355.52,133.06,18.81,0.79,-1,-1,-1
329,5,529.16,376.60,89.04,15.01,0.60,-1,-1,-1
329,1,1429.52,406.46,361.21,85.02,0.94,-1,-1,-1
329,4,758.85,362.83,107.51,17.66,0.78,-1,-1,-1
329,2,565.16,444.51,692.78,192.10,0.36,-1,-1,-1
330,3,1514.33,356.02,135.27,18.72,0.78,-1,-1,-1
330,5,533.93,376.60,86.64,14.31,0.65,-1,-1,-1
330,1,1430.66,405.86,361.25,85.89,0.94,-1,-1,-1
330,4,763.31,362.86,103.69,17.05,0.70,-1,-1,-1
330,2,566.22,445.76,692.53,190.76,0.24,-1,-1,-1
331,3,1515.89,356.47,132.85,18.22,0.80,-1,-1,-1
331,5,532.59,375.72,87.96,14.32,0.48,-1,-1,-1
331,1,1431.92,406.77,361.44,84.98,0.94,-1,-1,-1
331,4,768.55,362.33,102.23,17.16,0.78,-1,-1,-1
331,2,565.45,446.47,693.60,190.56,0.27,-1,-1,-1
332,3,1516.60,356.25,131.04,18.43,0.82,-1,-1,-1
332,1,1433.04,405.80,361.90,85.94,0.94,-1,-1,-1
332,4,766.56,362.26,104.79,17.85,0.83,-1,-1,-1
332,2,566.15,446.28,691.96,190.56,0.26,-1,-1,-1
333,3,1520.36,356.67,124.03,18.31,0.78,-1,-1,-1
333,1,1433.82,405.63,361.97,86.37,0.94,-1,-1,-1
333,4,765.98,362.31,106.21,17.34,0.68,-1,-1,-1
333,2,565.63,446.44,691.71,190.64,0.32,-1,-1,-1
333,5,531.42,375.78,91.65,15.23,0.44,-1,-1,-1
334,3,1519.68,357.02,124.36,18.07,0.78,-1,-1,-1
334,1,1434.80,405.40,363.44,86.56,0.95,-1,-1,-1
334,4,764.94,362.47,107.07,17.12,0.76,-1,-1,-1
334,2,567.03,446.33,688.81,191.02,0.44,-1,-1,-1
334,5,541.19,376.38,82.86,14.78,0.59,-1,-1,-1
335,3,1521.88,356.88,124.41,18.02,0.80,-1,-1,-1
335,1,1435.99,405.59,363.95,86.38,0.95,-1,-1,-1
335,4,765.09,362.45,109.16,17.50,0.83,-1,-1,-1
335,2,566.54,446.73,689.56,190.52,0.41,-1,-1,-1
335,5,542.93,375.74,83.36,14.67,0.73,-1,-1,-1
336,3,1523.30,356.54,124.08,18.01,0.77,-1,-1,-1
336,1,1436.92,405.85,364.76,86.11,0.95,-1,-1,-1
336,4,765.81,362.08,108.95,17.69,0.81,-1,-1,-1
336,2,564.91,446.21,690.83,191.34,0.21,-1,-1,-1
336,5,544.13,375.26,84.31,14.74,0.67,-1,-1,-1
337,3,1524.24,357.29,123.07,17.56,0.82,-1,-1,-1
337,1,1438.21,405.33,365.26,86.83,0.95,-1,-1,-1
337,4,765.85,361.87,110.68,17.66,0.81,-1,-1,-1
337,2,564.76,447.08,691.10,190.65,0.20,-1,-1,-1
337,5,540.27,375.07,88.91,15.27,0.64,-1,-1,-1
